0	0	KRSNALLCGLGILMGLLCVACNSRK	-63.54842401657192	[-12.421763146439753, -21.982085792663632, -17.501219454324318, -24.087106392183852, -52.86689118509545]	[-157.94683838868292, -158.78852257444075, -156.64421261345805, -168.4977294046321, -157.88214013315243]	[-45.515362481871165, -44.125544691217236, -16.499839981933413, -17.902404411571318, 9.802961665743164]
0	1	KRSNTWITTLGLLLGFLMFCLNSRK	-58.41674624446339	[-3.6855143552919927, -14.762570092503571, -13.813608902013707, -18.6024747451867, -43.584092377715145]	[-149.5042547093626, -150.42572805498628, -151.27369898406738, -162.63449575725173, -164.202133199774]	[-37.80106317471769, -34.03289257274183, -10.16293084730911, -10.227217448042074, 19.4751951950949]
0	2	KRSNKSILWVGLLLGLLMFLDNSRK	-54.95999036773066	[0.9761982616408981, -10.91008727666157, -11.84572627719731, -15.67535889286689, -38.61016652818757]	[-147.17783529953232, -148.49747123409801, -146.53698805998164, -157.57071391575536, -146.79268796538327]	[-33.33396610616592, -28.189178273080397, -6.49725676601303, -5.7871036778752005, 24.89338494545472]
0	3	KRSNCVLLILGLLLGLAFHWLNSRK	-54.324323930253655	[1.3743942282830504, -10.580993396501988, -11.677612594177129, -15.425282743528658, -38.18373429325704]	[-144.52365372468222, -145.72330699897435, -146.1073527392493, -157.05982970748536, -155.75277267380733]	[-31.74581454205755, -26.109877615374224, -5.188006457334521, -4.200561571840969, 27.070831243902287]
0	4	KRSNSILILGGLLLGMGLLWMNSRK	-57.3122504162763	[-9.102425358319863, -19.23906075664371, -16.10018480197149, -22.003511223137156, -49.353553208061555]	[-141.22060373783629, -142.53613378054376, -143.28952051565327, -154.00674041519164, -154.03196978005195]	[-40.703854567302336, -37.83087372924416, -12.547045931204135, -13.11531625442579, 15.868808456379972]
0	5	KRSNLCLLLAGLGMGLIFVKLNSRK	-64.2008323684558	[-11.864104974796147, -21.52129306615484, -17.265936160828076, -23.737420784329316, -52.29354372470906]	[-163.12559389560872, -163.62714776606083, -162.42083944648576, -174.72325181828037, -168.4123928298862]	[-41.151001802153715, -38.41583913312885, -12.915721498053564, -13.56136301509895, 15.230267905747523]
0	6	KRSNNILLAWGLLMGLLLCIWNSRK	-53.331158624350515	[0.8257068505614278, -11.034412094645951, -11.909210599943366, -15.769746220118112, -38.76692269602984]	[-144.71873683969187, -145.8500320959855, -146.82231515029116, -157.82065477791673, -159.3658047712566]	[-26.966283618610888, -19.85621817479323, -1.2619501228170054, 0.5555202557890918, 33.030737538935156]
0	7	KRSNSTLMMLGLWMGILCLVLNSRK	-58.66544047432845	[-4.768263218216992, -15.657262091959653, -14.270556214450519, -19.28199634674715, -44.72581056527311]	[-150.85602161268358, -151.83372902017086, -151.51796031994874, -162.92173069924016, -159.17050499587052]	[-37.85676595467354, -34.105644198530065, -10.207804888586084, -10.281659923822211, 19.448759266026194]
0	0	KRSNPCFLQLGLILGIYALLLNSRK	-64.85576898473686	[-12.839425481235374, -22.32728642128387, -17.67762193107962, -24.349715926677977, -53.32915829534476]	[-160.31628253441443, -161.01019546280278, -159.22134918288268, -171.27630126614073, -162.26583261787812]	[-46.938601461451555, -45.98817999121466, -17.668335840248254, -19.31877193326227, 8.08221876017727]
0	1	KRSNTYLLMLGLVLGLAYLCLNSRK	-59.23213177193372	[-3.565974304894893, -14.663758082781337, -13.763119456378126, -18.5273388969305, -43.45355770039197]	[-152.26295160467885, -153.0821436966731, -153.6743801115064, -165.2344426243304, -165.90140078893444]	[-37.91811886241352, -34.18602056679201, -10.258895747916668, -10.343484238171165, 19.33827104529561]
0	2	KRSNNWLPLLGVLLGLTLLLMNSRK	-58.09236936768627	[-6.129861768245556, -16.78256560450595, -14.84542272604877, -20.137206878070963, -46.18907290568398]	[-155.67309528632717, -156.45866060265553, -155.84149361721416, -167.6006506541452, -163.050821078825]	[-29.798716791519386, -23.56278493135412, -3.590191759795866, -2.265249999655733, 29.435869730464074]
0	3	KRSNRGILLAGWILGLLCLLRNSRK	-57.804406549110645	[-6.589660344653081, -17.162523885260406, -15.03949159476201, -20.42583180597979, -46.67622750757597]	[-148.1319421481762, -149.12825262482363, -149.86690685566234, -161.11614931491405, -161.95958204025885]	[-35.78535722975652, -31.39546614378171, -8.506821196907596, -8.221052553438396, 22.006801277658255]
0	4	KRSNLLLLMLGCMLGLAKTWLNSRK	-57.94319042401076	[-5.08050431971365, -15.915413941490236, -14.402504772264423, -19.47846161155274, -45.07538539838528]	[-148.18492002475543, -149.2631317332815, -149.1738704370703, -160.3836897364262, -157.34288217266507]	[-37.91182228456759, -34.17770578911, -10.253196062697556, -10.336631758033793, 19.371969758338643]
0	5	KRSNMCEFLLGLFFGWLLMALNSRK	-56.66669922456426	[7.4812885903716015, -5.534045558104221, -9.09955156779938, -11.590566946060738, -31.665494967328492]	[-160.25807528942852, -160.91061107781738, -159.53593036351845, -171.60837367489867, -164.28972499216647]	[-27.089129431168697, -20.017604674877575, -1.3646157423749485, 0.43072870959698045, 32.81093280215783]
0	6	KRSNLLPFLVGFLLGLLYLQLNSRK	-52.25084985185922	[3.7125078625004573, -8.648794369056368, -10.690652883478792, -13.957290068670366, -35.69372003698243]	[-149.02103213286844, -150.04887558403206, -150.072762299185, -161.3529775042981, -158.9218086669685]	[-20.545938642588666, -11.456134892962295, 4.010865627086128, 6.942733219211029, 40.9998019414381]
0	7	KRSNLLWMIWGLGLGLIVLRCNSRK	-54.486287591320156	[3.2170059150947727, -9.058098234371537, -10.899644869418008, -14.26800958298958, -36.208638389087874]	[-147.88365267450996, -148.9458967657368, -149.14918255108577, -160.3511595035614, -158.61006709320594]	[-29.579986585289834, -23.276431356938968, -3.4100353534567045, -2.046917366635243, 29.727862778882056]
