6.714000000000000000e+03
6.932000000000000000e+03
6.824000000000000000e+03
6.566000000000000000e+03
6.734000000000000000e+03
6.768000000000000000e+03
6.684000000000000000e+03
6.860000000000000000e+03
6.736000000000000000e+03
6.874000000000000000e+03
6.972000000000000000e+03
7.222000000000000000e+03
7.068000000000000000e+03
7.150000000000000000e+03
6.984000000000000000e+03
7.250000000000000000e+03
7.308000000000000000e+03
7.254000000000000000e+03
7.180000000000000000e+03
7.122000000000000000e+03
7.196000000000000000e+03
6.978000000000000000e+03
7.136000000000000000e+03
7.152000000000000000e+03
7.184000000000000000e+03
7.332000000000000000e+03
7.326000000000000000e+03
7.262000000000000000e+03
6.982000000000000000e+03
6.876000000000000000e+03
7.014000000000000000e+03
7.052000000000000000e+03
7.138000000000000000e+03
7.192000000000000000e+03
7.026000000000000000e+03
7.354000000000000000e+03
7.312000000000000000e+03
7.416000000000000000e+03
7.344000000000000000e+03
7.362000000000000000e+03
7.472000000000000000e+03
7.342000000000000000e+03
7.158000000000000000e+03
7.270000000000000000e+03
7.106000000000000000e+03
7.124000000000000000e+03
7.190000000000000000e+03
7.230000000000000000e+03
7.426000000000000000e+03
7.292000000000000000e+03
7.160000000000000000e+03
7.374000000000000000e+03
7.314000000000000000e+03
7.154000000000000000e+03
7.392000000000000000e+03
7.504000000000000000e+03
7.658000000000000000e+03
7.496000000000000000e+03
7.438000000000000000e+03
7.400000000000000000e+03
7.552000000000000000e+03
7.622000000000000000e+03
7.468000000000000000e+03
7.598000000000000000e+03
7.684000000000000000e+03
7.582000000000000000e+03
7.576000000000000000e+03
7.592000000000000000e+03
7.722000000000000000e+03
7.748000000000000000e+03
7.604000000000000000e+03
7.594000000000000000e+03
7.516000000000000000e+03
7.610000000000000000e+03
7.500000000000000000e+03
7.600000000000000000e+03
7.506000000000000000e+03
7.406000000000000000e+03
7.682000000000000000e+03
7.444000000000000000e+03
7.520000000000000000e+03
7.300000000000000000e+03
7.416000000000000000e+03
7.466000000000000000e+03
7.606000000000000000e+03
7.466000000000000000e+03
7.608000000000000000e+03
7.512000000000000000e+03
7.570000000000000000e+03
7.522000000000000000e+03
7.470000000000000000e+03
7.246000000000000000e+03
7.472000000000000000e+03
7.558000000000000000e+03
7.578000000000000000e+03
7.422000000000000000e+03
7.430000000000000000e+03
7.464000000000000000e+03
7.612000000000000000e+03
7.568000000000000000e+03
7.370000000000000000e+03
7.438000000000000000e+03
7.430000000000000000e+03
7.460000000000000000e+03
7.488000000000000000e+03
7.294000000000000000e+03
7.290000000000000000e+03
7.312000000000000000e+03
7.372000000000000000e+03
7.364000000000000000e+03
7.262000000000000000e+03
7.324000000000000000e+03
7.336000000000000000e+03
7.344000000000000000e+03
7.336000000000000000e+03
7.498000000000000000e+03
7.528000000000000000e+03
7.368000000000000000e+03
7.502000000000000000e+03
7.508000000000000000e+03
7.438000000000000000e+03
7.458000000000000000e+03
7.754000000000000000e+03
7.698000000000000000e+03
7.494000000000000000e+03
7.682000000000000000e+03
7.582000000000000000e+03
7.476000000000000000e+03
7.514000000000000000e+03
7.508000000000000000e+03
7.448000000000000000e+03
7.242000000000000000e+03
7.536000000000000000e+03
7.328000000000000000e+03
7.290000000000000000e+03
7.372000000000000000e+03
7.330000000000000000e+03
7.564000000000000000e+03
7.436000000000000000e+03
7.630000000000000000e+03
7.410000000000000000e+03
7.570000000000000000e+03
7.534000000000000000e+03
7.524000000000000000e+03
7.516000000000000000e+03
7.390000000000000000e+03
7.262000000000000000e+03
7.164000000000000000e+03
7.094000000000000000e+03
7.208000000000000000e+03
7.144000000000000000e+03
7.354000000000000000e+03
7.194000000000000000e+03
7.266000000000000000e+03
7.334000000000000000e+03
7.370000000000000000e+03
7.290000000000000000e+03
7.458000000000000000e+03
7.456000000000000000e+03
7.634000000000000000e+03
7.418000000000000000e+03
7.468000000000000000e+03
7.538000000000000000e+03
7.586000000000000000e+03
7.582000000000000000e+03
7.720000000000000000e+03
7.658000000000000000e+03
7.492000000000000000e+03
7.430000000000000000e+03
7.464000000000000000e+03
7.376000000000000000e+03
7.682000000000000000e+03
7.310000000000000000e+03
7.514000000000000000e+03
7.508000000000000000e+03
7.586000000000000000e+03
7.324000000000000000e+03
7.348000000000000000e+03
7.406000000000000000e+03
7.572000000000000000e+03
7.288000000000000000e+03
7.290000000000000000e+03
7.338000000000000000e+03
7.390000000000000000e+03
7.498000000000000000e+03
7.412000000000000000e+03
7.446000000000000000e+03
7.714000000000000000e+03
7.436000000000000000e+03
7.462000000000000000e+03
7.490000000000000000e+03
7.576000000000000000e+03
7.516000000000000000e+03
7.524000000000000000e+03
7.558000000000000000e+03
7.620000000000000000e+03
7.572000000000000000e+03
7.652000000000000000e+03
7.574000000000000000e+03
7.774000000000000000e+03
7.700000000000000000e+03
7.578000000000000000e+03
7.574000000000000000e+03
7.544000000000000000e+03
7.472000000000000000e+03
7.574000000000000000e+03
7.636000000000000000e+03
7.844000000000000000e+03
7.664000000000000000e+03
7.634000000000000000e+03
7.596000000000000000e+03
7.814000000000000000e+03
7.804000000000000000e+03
7.858000000000000000e+03
7.752000000000000000e+03
7.878000000000000000e+03
7.824000000000000000e+03
8.054000000000000000e+03
7.942000000000000000e+03
8.074000000000000000e+03
8.050000000000000000e+03
7.948000000000000000e+03
7.808000000000000000e+03
8.078000000000000000e+03
7.998000000000000000e+03
7.778000000000000000e+03
7.640000000000000000e+03
7.932000000000000000e+03
7.768000000000000000e+03
7.830000000000000000e+03
7.816000000000000000e+03
7.886000000000000000e+03
7.820000000000000000e+03
7.794000000000000000e+03
7.810000000000000000e+03
7.666000000000000000e+03
7.678000000000000000e+03
7.918000000000000000e+03
7.852000000000000000e+03
7.914000000000000000e+03
8.072000000000000000e+03
7.942000000000000000e+03
8.074000000000000000e+03
8.070000000000000000e+03
8.012000000000000000e+03
8.080000000000000000e+03
7.984000000000000000e+03
8.058000000000000000e+03
8.152000000000000000e+03
8.092000000000000000e+03
7.950000000000000000e+03
7.920000000000000000e+03
8.094000000000000000e+03
8.022000000000000000e+03
7.958000000000000000e+03
7.956000000000000000e+03
7.824000000000000000e+03
7.668000000000000000e+03
7.826000000000000000e+03
7.838000000000000000e+03
7.962000000000000000e+03
7.778000000000000000e+03
7.916000000000000000e+03
7.778000000000000000e+03
7.722000000000000000e+03
8.008000000000000000e+03
7.904000000000000000e+03
7.844000000000000000e+03
7.950000000000000000e+03
7.850000000000000000e+03
7.994000000000000000e+03
7.946000000000000000e+03
7.960000000000000000e+03
7.802000000000000000e+03
7.952000000000000000e+03
7.910000000000000000e+03
7.780000000000000000e+03
7.832000000000000000e+03
7.920000000000000000e+03
7.918000000000000000e+03
7.830000000000000000e+03
7.846000000000000000e+03
7.826000000000000000e+03
7.860000000000000000e+03
7.876000000000000000e+03
7.794000000000000000e+03
7.962000000000000000e+03
7.858000000000000000e+03
7.786000000000000000e+03
7.708000000000000000e+03
7.962000000000000000e+03
7.692000000000000000e+03
7.802000000000000000e+03
7.782000000000000000e+03
7.576000000000000000e+03
7.654000000000000000e+03
7.676000000000000000e+03
7.752000000000000000e+03
7.816000000000000000e+03
7.716000000000000000e+03
7.712000000000000000e+03
6.656000000000000000e+03
6.632000000000000000e+03
6.548000000000000000e+03
6.712000000000000000e+03
6.652000000000000000e+03
6.660000000000000000e+03
6.562000000000000000e+03
6.724000000000000000e+03
6.550000000000000000e+03
6.618000000000000000e+03
6.804000000000000000e+03
6.676000000000000000e+03
6.770000000000000000e+03
6.702000000000000000e+03
6.560000000000000000e+03
6.484000000000000000e+03
6.620000000000000000e+03
6.640000000000000000e+03
6.576000000000000000e+03
6.602000000000000000e+03
6.582000000000000000e+03
6.786000000000000000e+03
6.648000000000000000e+03
6.316000000000000000e+03
6.212000000000000000e+03
6.308000000000000000e+03
6.444000000000000000e+03
6.368000000000000000e+03
6.454000000000000000e+03
6.546000000000000000e+03
6.566000000000000000e+03
6.540000000000000000e+03
6.632000000000000000e+03
6.730000000000000000e+03
6.642000000000000000e+03
6.746000000000000000e+03
6.836000000000000000e+03
6.808000000000000000e+03
6.674000000000000000e+03
6.544000000000000000e+03
6.758000000000000000e+03
6.732000000000000000e+03
6.690000000000000000e+03
6.548000000000000000e+03
6.812000000000000000e+03
6.750000000000000000e+03
6.844000000000000000e+03
6.692000000000000000e+03
6.830000000000000000e+03
6.672000000000000000e+03
6.550000000000000000e+03
6.602000000000000000e+03
6.646000000000000000e+03
6.584000000000000000e+03
6.770000000000000000e+03
6.728000000000000000e+03
6.494000000000000000e+03
6.766000000000000000e+03
6.830000000000000000e+03
6.702000000000000000e+03
6.704000000000000000e+03
6.634000000000000000e+03
6.650000000000000000e+03
6.830000000000000000e+03
6.750000000000000000e+03
6.730000000000000000e+03
6.814000000000000000e+03
6.768000000000000000e+03
6.842000000000000000e+03
6.680000000000000000e+03
6.716000000000000000e+03
6.860000000000000000e+03
6.798000000000000000e+03
6.882000000000000000e+03
6.672000000000000000e+03
6.904000000000000000e+03
7.084000000000000000e+03
6.948000000000000000e+03
6.952000000000000000e+03
7.108000000000000000e+03
7.144000000000000000e+03
6.786000000000000000e+03
6.984000000000000000e+03
6.898000000000000000e+03
6.930000000000000000e+03
6.744000000000000000e+03
6.966000000000000000e+03
6.910000000000000000e+03
6.720000000000000000e+03
6.880000000000000000e+03
6.802000000000000000e+03
6.784000000000000000e+03
6.830000000000000000e+03
6.814000000000000000e+03
6.694000000000000000e+03
6.646000000000000000e+03
6.556000000000000000e+03
6.766000000000000000e+03
6.538000000000000000e+03
6.576000000000000000e+03
6.682000000000000000e+03
6.554000000000000000e+03
6.834000000000000000e+03
6.752000000000000000e+03
6.684000000000000000e+03
6.732000000000000000e+03
6.456000000000000000e+03
6.648000000000000000e+03
6.388000000000000000e+03
6.524000000000000000e+03
6.494000000000000000e+03
6.406000000000000000e+03
6.552000000000000000e+03
6.338000000000000000e+03
6.426000000000000000e+03
6.320000000000000000e+03
6.316000000000000000e+03
6.324000000000000000e+03
6.344000000000000000e+03
6.288000000000000000e+03
6.368000000000000000e+03
6.246000000000000000e+03
6.170000000000000000e+03
6.128000000000000000e+03
5.864000000000000000e+03
5.834000000000000000e+03
6.126000000000000000e+03
5.916000000000000000e+03
6.004000000000000000e+03
5.922000000000000000e+03
5.938000000000000000e+03
6.006000000000000000e+03
5.980000000000000000e+03
6.154000000000000000e+03
6.110000000000000000e+03
6.146000000000000000e+03
6.078000000000000000e+03
6.066000000000000000e+03
6.082000000000000000e+03
6.076000000000000000e+03
6.068000000000000000e+03
6.036000000000000000e+03
6.022000000000000000e+03
5.928000000000000000e+03
5.926000000000000000e+03
6.084000000000000000e+03
6.012000000000000000e+03
6.062000000000000000e+03
5.974000000000000000e+03
6.096000000000000000e+03
5.952000000000000000e+03
5.970000000000000000e+03
5.918000000000000000e+03
5.968000000000000000e+03
6.048000000000000000e+03
6.042000000000000000e+03
5.962000000000000000e+03
6.204000000000000000e+03
6.242000000000000000e+03
6.238000000000000000e+03
5.894000000000000000e+03
6.106000000000000000e+03
5.918000000000000000e+03
6.110000000000000000e+03
6.178000000000000000e+03
6.110000000000000000e+03
6.248000000000000000e+03
6.172000000000000000e+03
6.000000000000000000e+03
6.148000000000000000e+03
6.120000000000000000e+03
5.996000000000000000e+03
5.982000000000000000e+03
5.986000000000000000e+03
5.864000000000000000e+03
5.970000000000000000e+03
6.100000000000000000e+03
6.166000000000000000e+03
6.016000000000000000e+03
6.198000000000000000e+03
6.074000000000000000e+03
6.126000000000000000e+03
6.170000000000000000e+03
6.194000000000000000e+03
6.290000000000000000e+03
6.450000000000000000e+03
6.150000000000000000e+03
6.368000000000000000e+03
6.260000000000000000e+03
6.222000000000000000e+03
6.350000000000000000e+03
6.146000000000000000e+03
6.224000000000000000e+03
6.092000000000000000e+03
6.012000000000000000e+03
6.176000000000000000e+03
6.294000000000000000e+03
6.348000000000000000e+03
6.250000000000000000e+03
6.510000000000000000e+03
6.728000000000000000e+03
6.464000000000000000e+03
6.652000000000000000e+03
6.600000000000000000e+03
6.626000000000000000e+03
6.612000000000000000e+03
6.498000000000000000e+03
6.496000000000000000e+03
6.438000000000000000e+03
6.572000000000000000e+03
6.628000000000000000e+03
6.732000000000000000e+03
6.592000000000000000e+03
6.708000000000000000e+03
6.710000000000000000e+03
6.478000000000000000e+03
6.704000000000000000e+03
6.742000000000000000e+03
6.610000000000000000e+03
6.556000000000000000e+03
6.544000000000000000e+03
6.734000000000000000e+03
6.796000000000000000e+03
6.646000000000000000e+03
6.608000000000000000e+03
6.512000000000000000e+03
6.696000000000000000e+03
6.702000000000000000e+03
6.910000000000000000e+03
6.816000000000000000e+03
6.716000000000000000e+03
6.752000000000000000e+03
6.924000000000000000e+03
6.690000000000000000e+03
6.928000000000000000e+03
6.858000000000000000e+03
6.856000000000000000e+03
6.824000000000000000e+03
7.062000000000000000e+03
6.888000000000000000e+03
6.742000000000000000e+03
6.778000000000000000e+03
