9.280400000000000000e+04
9.209000000000000000e+04
9.265600000000000000e+04
9.347800000000000000e+04
9.388400000000000000e+04
9.298400000000000000e+04
9.328200000000000000e+04
9.348000000000000000e+04
9.333800000000000000e+04
9.361800000000000000e+04
9.287400000000000000e+04
9.281000000000000000e+04
9.368200000000000000e+04
9.323600000000000000e+04
9.286200000000000000e+04
9.311400000000000000e+04
9.262400000000000000e+04
9.170200000000000000e+04
9.377200000000000000e+04
9.294600000000000000e+04
9.350800000000000000e+04
9.319000000000000000e+04
9.319400000000000000e+04
9.386800000000000000e+04
9.413600000000000000e+04
9.355400000000000000e+04
9.280800000000000000e+04
9.334400000000000000e+04
9.366000000000000000e+04
9.369200000000000000e+04
9.333000000000000000e+04
9.344000000000000000e+04
9.324400000000000000e+04
9.285200000000000000e+04
9.255800000000000000e+04
9.270400000000000000e+04
9.276400000000000000e+04
9.276400000000000000e+04
9.387600000000000000e+04
9.355400000000000000e+04
9.271000000000000000e+04
9.290600000000000000e+04
9.231800000000000000e+04
9.328000000000000000e+04
9.188600000000000000e+04
9.240200000000000000e+04
9.305600000000000000e+04
9.375000000000000000e+04
9.299600000000000000e+04
9.404200000000000000e+04
9.410200000000000000e+04
9.343800000000000000e+04
9.366400000000000000e+04
9.315400000000000000e+04
9.376000000000000000e+04
9.302600000000000000e+04
9.410600000000000000e+04
9.357600000000000000e+04
9.242200000000000000e+04
9.316800000000000000e+04
9.335800000000000000e+04
9.312800000000000000e+04
9.311000000000000000e+04
9.290400000000000000e+04
9.328400000000000000e+04
9.312800000000000000e+04
9.328800000000000000e+04
9.262400000000000000e+04
9.275400000000000000e+04
9.277200000000000000e+04
9.364000000000000000e+04
9.363200000000000000e+04
9.307800000000000000e+04
9.319600000000000000e+04
9.357000000000000000e+04
9.386800000000000000e+04
9.361600000000000000e+04
9.385000000000000000e+04
9.275200000000000000e+04
9.316400000000000000e+04
9.314400000000000000e+04
9.380000000000000000e+04
9.301800000000000000e+04
9.295200000000000000e+04
9.405000000000000000e+04
9.408400000000000000e+04
9.294000000000000000e+04
9.396000000000000000e+04
9.328800000000000000e+04
9.258800000000000000e+04
9.327800000000000000e+04
9.233200000000000000e+04
9.349200000000000000e+04
9.271800000000000000e+04
9.315400000000000000e+04
9.372200000000000000e+04
9.326200000000000000e+04
9.348200000000000000e+04
9.328000000000000000e+04
9.289800000000000000e+04
9.346200000000000000e+04
9.281600000000000000e+04
9.291000000000000000e+04
9.332400000000000000e+04
9.334400000000000000e+04
9.361400000000000000e+04
9.274600000000000000e+04
9.258600000000000000e+04
9.320400000000000000e+04
9.286800000000000000e+04
9.300800000000000000e+04
9.266400000000000000e+04
9.345400000000000000e+04
9.296600000000000000e+04
9.262400000000000000e+04
9.283400000000000000e+04
9.293000000000000000e+04
9.296200000000000000e+04
9.286800000000000000e+04
9.322600000000000000e+04
9.291800000000000000e+04
9.408000000000000000e+04
9.393000000000000000e+04
9.410400000000000000e+04
9.397000000000000000e+04
9.369600000000000000e+04
9.426400000000000000e+04
9.360800000000000000e+04
9.242000000000000000e+04
9.381000000000000000e+04
9.328000000000000000e+04
9.319800000000000000e+04
9.293600000000000000e+04
9.308800000000000000e+04
9.271800000000000000e+04
9.348800000000000000e+04
9.314400000000000000e+04
9.277600000000000000e+04
9.331400000000000000e+04
9.333400000000000000e+04
9.377000000000000000e+04
9.320600000000000000e+04
9.338600000000000000e+04
9.318600000000000000e+04
9.235200000000000000e+04
9.350000000000000000e+04
9.303000000000000000e+04
9.319200000000000000e+04
9.302000000000000000e+04
9.262200000000000000e+04
9.345000000000000000e+04
9.267200000000000000e+04
9.286600000000000000e+04
9.398600000000000000e+04
9.383000000000000000e+04
9.339600000000000000e+04
9.320000000000000000e+04
9.408200000000000000e+04
9.311000000000000000e+04
9.321000000000000000e+04
9.338200000000000000e+04
9.339200000000000000e+04
9.344400000000000000e+04
9.330800000000000000e+04
9.326000000000000000e+04
9.327200000000000000e+04
9.282800000000000000e+04
9.333600000000000000e+04
9.312400000000000000e+04
9.330800000000000000e+04
9.342200000000000000e+04
9.292600000000000000e+04
9.286600000000000000e+04
9.307000000000000000e+04
9.363400000000000000e+04
9.380200000000000000e+04
9.382800000000000000e+04
9.400600000000000000e+04
9.375800000000000000e+04
9.415200000000000000e+04
9.386600000000000000e+04
9.388400000000000000e+04
9.358400000000000000e+04
9.304600000000000000e+04
9.365600000000000000e+04
9.336000000000000000e+04
9.382000000000000000e+04
9.394200000000000000e+04
9.383400000000000000e+04
9.371000000000000000e+04
9.380200000000000000e+04
9.347200000000000000e+04
9.254600000000000000e+04
9.264600000000000000e+04
9.357800000000000000e+04
9.353400000000000000e+04
9.375400000000000000e+04
9.365000000000000000e+04
9.383200000000000000e+04
9.285600000000000000e+04
9.288000000000000000e+04
9.385400000000000000e+04
9.441600000000000000e+04
9.414600000000000000e+04
9.304400000000000000e+04
9.271800000000000000e+04
9.351000000000000000e+04
9.317600000000000000e+04
9.340800000000000000e+04
9.345000000000000000e+04
9.398200000000000000e+04
9.343200000000000000e+04
9.341200000000000000e+04
9.287200000000000000e+04
9.314600000000000000e+04
9.257600000000000000e+04
9.321400000000000000e+04
9.423000000000000000e+04
9.432600000000000000e+04
9.338000000000000000e+04
9.381800000000000000e+04
9.423000000000000000e+04
9.442400000000000000e+04
9.433400000000000000e+04
9.453600000000000000e+04
9.385200000000000000e+04
9.365400000000000000e+04
9.351400000000000000e+04
9.443000000000000000e+04
9.394800000000000000e+04
9.335000000000000000e+04
9.364400000000000000e+04
9.364800000000000000e+04
9.357000000000000000e+04
9.406600000000000000e+04
9.356200000000000000e+04
9.367400000000000000e+04
9.298400000000000000e+04
9.295200000000000000e+04
9.406000000000000000e+04
9.334200000000000000e+04
9.385200000000000000e+04
9.347000000000000000e+04
9.364600000000000000e+04
9.327800000000000000e+04
9.294400000000000000e+04
9.318200000000000000e+04
9.340600000000000000e+04
9.313000000000000000e+04
9.379600000000000000e+04
9.366600000000000000e+04
9.272200000000000000e+04
9.408200000000000000e+04
9.353400000000000000e+04
9.330200000000000000e+04
9.240000000000000000e+04
9.344600000000000000e+04
9.336000000000000000e+04
9.309400000000000000e+04
9.418400000000000000e+04
9.428000000000000000e+04
9.317000000000000000e+04
9.407600000000000000e+04
9.392000000000000000e+04
9.351800000000000000e+04
9.356400000000000000e+04
9.323200000000000000e+04
9.409800000000000000e+04
9.393800000000000000e+04
9.355800000000000000e+04
9.328800000000000000e+04
9.276600000000000000e+04
9.385800000000000000e+04
9.406800000000000000e+04
9.429800000000000000e+04
9.353000000000000000e+04
9.437000000000000000e+04
9.328800000000000000e+04
9.303200000000000000e+04
9.397400000000000000e+04
9.395000000000000000e+04
9.386200000000000000e+04
9.319400000000000000e+04
9.279200000000000000e+04
9.341000000000000000e+04
9.298800000000000000e+04
9.365600000000000000e+04
9.286200000000000000e+04
9.382600000000000000e+04
9.322200000000000000e+04
9.351200000000000000e+04
9.305800000000000000e+04
9.298400000000000000e+04
9.353800000000000000e+04
9.308000000000000000e+04
9.303000000000000000e+04
9.342200000000000000e+04
9.286200000000000000e+04
9.332800000000000000e+04
9.376000000000000000e+04
9.336000000000000000e+04
9.290800000000000000e+04
9.229600000000000000e+04
9.358200000000000000e+04
9.371800000000000000e+04
9.354600000000000000e+04
9.324400000000000000e+04
9.346000000000000000e+04
9.308000000000000000e+04
9.206400000000000000e+04
9.291600000000000000e+04
9.305800000000000000e+04
9.346800000000000000e+04
9.368000000000000000e+04
9.318200000000000000e+04
9.330200000000000000e+04
9.343000000000000000e+04
9.336600000000000000e+04
9.285200000000000000e+04
9.291400000000000000e+04
9.265800000000000000e+04
9.365200000000000000e+04
9.265400000000000000e+04
9.368200000000000000e+04
9.304400000000000000e+04
9.338000000000000000e+04
9.290800000000000000e+04
9.291600000000000000e+04
9.336200000000000000e+04
9.318800000000000000e+04
9.262200000000000000e+04
9.311800000000000000e+04
9.359800000000000000e+04
9.287000000000000000e+04
9.318200000000000000e+04
9.255600000000000000e+04
9.376800000000000000e+04
9.280000000000000000e+04
9.320600000000000000e+04
9.246800000000000000e+04
9.285600000000000000e+04
9.311800000000000000e+04
9.302600000000000000e+04
9.299800000000000000e+04
9.316200000000000000e+04
9.269400000000000000e+04
9.298000000000000000e+04
9.399200000000000000e+04
9.287600000000000000e+04
9.271000000000000000e+04
9.326400000000000000e+04
9.342600000000000000e+04
9.300800000000000000e+04
9.178000000000000000e+04
9.295000000000000000e+04
9.254400000000000000e+04
9.295600000000000000e+04
9.309800000000000000e+04
9.307200000000000000e+04
9.304800000000000000e+04
9.341200000000000000e+04
9.274600000000000000e+04
9.313000000000000000e+04
9.340600000000000000e+04
9.294000000000000000e+04
9.326400000000000000e+04
9.277600000000000000e+04
9.259600000000000000e+04
9.321400000000000000e+04
9.235200000000000000e+04
9.301600000000000000e+04
9.245800000000000000e+04
9.320200000000000000e+04
9.261000000000000000e+04
9.301400000000000000e+04
9.219600000000000000e+04
9.264000000000000000e+04
9.240600000000000000e+04
9.297800000000000000e+04
9.292800000000000000e+04
9.328400000000000000e+04
9.346400000000000000e+04
9.272600000000000000e+04
9.272600000000000000e+04
9.268200000000000000e+04
9.282000000000000000e+04
9.243000000000000000e+04
9.261400000000000000e+04
9.333200000000000000e+04
9.312200000000000000e+04
9.277600000000000000e+04
9.325600000000000000e+04
9.246200000000000000e+04
9.227800000000000000e+04
9.300800000000000000e+04
9.274800000000000000e+04
9.254800000000000000e+04
9.261600000000000000e+04
9.262000000000000000e+04
9.255200000000000000e+04
9.124400000000000000e+04
9.288400000000000000e+04
9.226800000000000000e+04
9.275600000000000000e+04
9.213200000000000000e+04
9.265600000000000000e+04
9.292200000000000000e+04
9.232200000000000000e+04
9.314200000000000000e+04
9.421400000000000000e+04
9.217200000000000000e+04
9.234000000000000000e+04
9.236600000000000000e+04
9.294000000000000000e+04
9.278800000000000000e+04
9.280400000000000000e+04
9.237600000000000000e+04
9.316000000000000000e+04
9.258800000000000000e+04
9.308800000000000000e+04
9.293800000000000000e+04
9.280400000000000000e+04
9.428600000000000000e+04
9.316000000000000000e+04
9.282400000000000000e+04
9.241800000000000000e+04
9.191600000000000000e+04
9.295000000000000000e+04
9.228600000000000000e+04
9.251200000000000000e+04
9.234800000000000000e+04
9.260000000000000000e+04
9.226600000000000000e+04
9.264400000000000000e+04
9.278000000000000000e+04
9.240200000000000000e+04
9.254200000000000000e+04
9.265000000000000000e+04
9.237800000000000000e+04
9.247800000000000000e+04
9.349200000000000000e+04
9.272000000000000000e+04
9.274600000000000000e+04
9.287800000000000000e+04
9.285600000000000000e+04
9.280600000000000000e+04
9.311600000000000000e+04
9.254800000000000000e+04
9.271000000000000000e+04
9.265200000000000000e+04
9.294200000000000000e+04
9.282000000000000000e+04
9.302400000000000000e+04
9.219200000000000000e+04
9.338600000000000000e+04
9.311000000000000000e+04
9.347600000000000000e+04
9.304400000000000000e+04
9.301400000000000000e+04
9.275000000000000000e+04
9.295800000000000000e+04
9.314200000000000000e+04
9.388000000000000000e+04
9.289400000000000000e+04
9.277200000000000000e+04
9.363800000000000000e+04
9.313800000000000000e+04
9.288200000000000000e+04
9.307800000000000000e+04
9.308600000000000000e+04
9.337200000000000000e+04
9.279000000000000000e+04
9.286600000000000000e+04
9.262400000000000000e+04
9.253400000000000000e+04
9.280200000000000000e+04
9.352800000000000000e+04
9.274800000000000000e+04
9.272400000000000000e+04
9.221400000000000000e+04
9.334200000000000000e+04
9.233000000000000000e+04
9.344200000000000000e+04
9.227400000000000000e+04
9.295600000000000000e+04
9.285000000000000000e+04
9.345800000000000000e+04
9.343600000000000000e+04
9.349000000000000000e+04
9.362200000000000000e+04
9.298400000000000000e+04
9.316600000000000000e+04
9.226600000000000000e+04
9.335000000000000000e+04
9.299400000000000000e+04
9.193200000000000000e+04
9.254400000000000000e+04
9.397600000000000000e+04
9.392000000000000000e+04
9.245000000000000000e+04
9.373800000000000000e+04
9.282200000000000000e+04
9.317600000000000000e+04
9.349200000000000000e+04
9.300200000000000000e+04
9.376400000000000000e+04
9.309000000000000000e+04
9.300600000000000000e+04
9.324400000000000000e+04
9.185800000000000000e+04
9.299000000000000000e+04
9.298200000000000000e+04
9.303200000000000000e+04
9.334000000000000000e+04
9.341200000000000000e+04
9.278600000000000000e+04
9.253400000000000000e+04
9.339800000000000000e+04
9.370200000000000000e+04
9.239800000000000000e+04
9.258600000000000000e+04
9.379200000000000000e+04
9.346400000000000000e+04
9.330000000000000000e+04
9.347600000000000000e+04
9.301000000000000000e+04
9.317400000000000000e+04
9.283200000000000000e+04
9.273600000000000000e+04
9.317000000000000000e+04
9.323000000000000000e+04
9.315800000000000000e+04
9.266200000000000000e+04
9.314400000000000000e+04
9.303800000000000000e+04
9.260800000000000000e+04
9.304200000000000000e+04
9.400600000000000000e+04
9.372000000000000000e+04
9.344000000000000000e+04
9.392800000000000000e+04
9.315800000000000000e+04
9.326400000000000000e+04
