3.239000000000000000e+03
3.182000000000000000e+03
3.216000000000000000e+03
3.352000000000000000e+03
3.262000000000000000e+03
3.151000000000000000e+03
3.041000000000000000e+03
2.745000000000000000e+03
2.743000000000000000e+03
2.689000000000000000e+03
2.767000000000000000e+03
2.741000000000000000e+03
2.752000000000000000e+03
2.677000000000000000e+03
2.829000000000000000e+03
2.732000000000000000e+03
2.705000000000000000e+03
2.660000000000000000e+03
2.791000000000000000e+03
2.836000000000000000e+03
2.842000000000000000e+03
2.846000000000000000e+03
2.714000000000000000e+03
2.824000000000000000e+03
2.927000000000000000e+03
2.747000000000000000e+03
2.832000000000000000e+03
2.757000000000000000e+03
2.779000000000000000e+03
2.895000000000000000e+03
2.907000000000000000e+03
2.970000000000000000e+03
2.904000000000000000e+03
2.834000000000000000e+03
2.810000000000000000e+03
2.639000000000000000e+03
2.863000000000000000e+03
2.771000000000000000e+03
2.583000000000000000e+03
2.795000000000000000e+03
2.815000000000000000e+03
2.783000000000000000e+03
2.776000000000000000e+03
2.732000000000000000e+03
2.706000000000000000e+03
2.776000000000000000e+03
2.710000000000000000e+03
2.793000000000000000e+03
2.718000000000000000e+03
2.600000000000000000e+03
2.850000000000000000e+03
2.798000000000000000e+03
2.958000000000000000e+03
2.903000000000000000e+03
2.674000000000000000e+03
2.745000000000000000e+03
2.550000000000000000e+03
2.818000000000000000e+03
2.763000000000000000e+03
2.646000000000000000e+03
2.614000000000000000e+03
2.586000000000000000e+03
2.537000000000000000e+03
2.476000000000000000e+03
2.481000000000000000e+03
2.604000000000000000e+03
2.578000000000000000e+03
2.629000000000000000e+03
2.556000000000000000e+03
2.531000000000000000e+03
2.552000000000000000e+03
2.521000000000000000e+03
2.679000000000000000e+03
2.638000000000000000e+03
2.612000000000000000e+03
2.703000000000000000e+03
2.706000000000000000e+03
2.742000000000000000e+03
2.793000000000000000e+03
2.651000000000000000e+03
2.943000000000000000e+03
2.808000000000000000e+03
2.891000000000000000e+03
2.902000000000000000e+03
2.766000000000000000e+03
2.967000000000000000e+03
2.829000000000000000e+03
2.902000000000000000e+03
2.834000000000000000e+03
2.853000000000000000e+03
2.803000000000000000e+03
2.896000000000000000e+03
2.941000000000000000e+03
2.946000000000000000e+03
2.993000000000000000e+03
2.843000000000000000e+03
2.973000000000000000e+03
2.932000000000000000e+03
2.983000000000000000e+03
2.914000000000000000e+03
2.977000000000000000e+03
2.934000000000000000e+03
2.808000000000000000e+03
2.853000000000000000e+03
2.957000000000000000e+03
2.908000000000000000e+03
2.927000000000000000e+03
2.932000000000000000e+03
2.930000000000000000e+03
2.834000000000000000e+03
2.872000000000000000e+03
2.866000000000000000e+03
2.990000000000000000e+03
2.832000000000000000e+03
2.980000000000000000e+03
2.999000000000000000e+03
2.911000000000000000e+03
3.052000000000000000e+03
2.896000000000000000e+03
2.842000000000000000e+03
2.925000000000000000e+03
2.974000000000000000e+03
2.854000000000000000e+03
2.980000000000000000e+03
2.833000000000000000e+03
2.854000000000000000e+03
2.770000000000000000e+03
2.859000000000000000e+03
2.839000000000000000e+03
3.009000000000000000e+03
2.881000000000000000e+03
2.951000000000000000e+03
2.901000000000000000e+03
2.940000000000000000e+03
2.999000000000000000e+03
2.975000000000000000e+03
2.949000000000000000e+03
2.824000000000000000e+03
2.848000000000000000e+03
2.758000000000000000e+03
2.778000000000000000e+03
2.778000000000000000e+03
2.670000000000000000e+03
2.870000000000000000e+03
2.724000000000000000e+03
2.785000000000000000e+03
2.772000000000000000e+03
2.766000000000000000e+03
2.770000000000000000e+03
2.855000000000000000e+03
2.896000000000000000e+03
2.647000000000000000e+03
2.807000000000000000e+03
2.953000000000000000e+03
2.835000000000000000e+03
2.860000000000000000e+03
2.868000000000000000e+03
2.806000000000000000e+03
2.742000000000000000e+03
2.562000000000000000e+03
2.762000000000000000e+03
2.613000000000000000e+03
2.692000000000000000e+03
2.772000000000000000e+03
2.788000000000000000e+03
2.726000000000000000e+03
2.705000000000000000e+03
2.638000000000000000e+03
2.792000000000000000e+03
2.751000000000000000e+03
2.862000000000000000e+03
2.749000000000000000e+03
2.919000000000000000e+03
2.859000000000000000e+03
2.652000000000000000e+03
2.780000000000000000e+03
2.874000000000000000e+03
2.827000000000000000e+03
2.770000000000000000e+03
2.710000000000000000e+03
2.799000000000000000e+03
2.783000000000000000e+03
2.787000000000000000e+03
2.707000000000000000e+03
2.733000000000000000e+03
2.759000000000000000e+03
2.762000000000000000e+03
2.684000000000000000e+03
2.751000000000000000e+03
2.872000000000000000e+03
2.759000000000000000e+03
2.923000000000000000e+03
3.109000000000000000e+03
2.821000000000000000e+03
2.904000000000000000e+03
2.881000000000000000e+03
3.028000000000000000e+03
2.914000000000000000e+03
2.861000000000000000e+03
2.909000000000000000e+03
2.741000000000000000e+03
2.738000000000000000e+03
2.920000000000000000e+03
2.877000000000000000e+03
2.789000000000000000e+03
2.765000000000000000e+03
2.809000000000000000e+03
2.859000000000000000e+03
2.810000000000000000e+03
2.936000000000000000e+03
2.959000000000000000e+03
2.823000000000000000e+03
2.676000000000000000e+03
2.638000000000000000e+03
2.761000000000000000e+03
2.758000000000000000e+03
2.735000000000000000e+03
2.839000000000000000e+03
2.828000000000000000e+03
2.835000000000000000e+03
2.964000000000000000e+03
2.821000000000000000e+03
2.852000000000000000e+03
2.819000000000000000e+03
2.946000000000000000e+03
3.022000000000000000e+03
3.027000000000000000e+03
3.083000000000000000e+03
2.934000000000000000e+03
2.908000000000000000e+03
2.965000000000000000e+03
2.942000000000000000e+03
2.787000000000000000e+03
2.897000000000000000e+03
2.834000000000000000e+03
2.922000000000000000e+03
2.891000000000000000e+03
3.005000000000000000e+03
2.938000000000000000e+03
2.802000000000000000e+03
2.779000000000000000e+03
2.793000000000000000e+03
2.813000000000000000e+03
2.733000000000000000e+03
2.747000000000000000e+03
2.768000000000000000e+03
2.691000000000000000e+03
2.741000000000000000e+03
2.626000000000000000e+03
2.701000000000000000e+03
2.675000000000000000e+03
2.747000000000000000e+03
2.737000000000000000e+03
2.809000000000000000e+03
2.811000000000000000e+03
2.757000000000000000e+03
2.819000000000000000e+03
2.737000000000000000e+03
2.692000000000000000e+03
2.716000000000000000e+03
2.719000000000000000e+03
2.776000000000000000e+03
2.686000000000000000e+03
2.793000000000000000e+03
2.788000000000000000e+03
2.854000000000000000e+03
2.734000000000000000e+03
2.912000000000000000e+03
2.826000000000000000e+03
2.805000000000000000e+03
2.858000000000000000e+03
2.828000000000000000e+03
2.750000000000000000e+03
2.871000000000000000e+03
2.796000000000000000e+03
2.763000000000000000e+03
2.840000000000000000e+03
2.909000000000000000e+03
2.743000000000000000e+03
2.829000000000000000e+03
2.787000000000000000e+03
2.612000000000000000e+03
2.750000000000000000e+03
2.792000000000000000e+03
2.771000000000000000e+03
2.903000000000000000e+03
2.830000000000000000e+03
2.761000000000000000e+03
2.949000000000000000e+03
2.959000000000000000e+03
2.931000000000000000e+03
3.006000000000000000e+03
3.015000000000000000e+03
2.958000000000000000e+03
2.990000000000000000e+03
2.911000000000000000e+03
2.833000000000000000e+03
2.856000000000000000e+03
2.877000000000000000e+03
2.818000000000000000e+03
2.792000000000000000e+03
3.276000000000000000e+03
3.259000000000000000e+03
3.560000000000000000e+03
3.436000000000000000e+03
3.539000000000000000e+03
3.575000000000000000e+03
3.563000000000000000e+03
3.336000000000000000e+03
3.393000000000000000e+03
3.510000000000000000e+03
3.476000000000000000e+03
3.531000000000000000e+03
3.455000000000000000e+03
3.501000000000000000e+03
3.486000000000000000e+03
3.512000000000000000e+03
3.348000000000000000e+03
3.486000000000000000e+03
3.396000000000000000e+03
3.330000000000000000e+03
3.417000000000000000e+03
3.325000000000000000e+03
3.468000000000000000e+03
3.504000000000000000e+03
3.560000000000000000e+03
3.625000000000000000e+03
3.572000000000000000e+03
3.609000000000000000e+03
3.666000000000000000e+03
3.592000000000000000e+03
3.546000000000000000e+03
3.541000000000000000e+03
3.581000000000000000e+03
3.526000000000000000e+03
3.536000000000000000e+03
3.429000000000000000e+03
3.380000000000000000e+03
3.505000000000000000e+03
3.620000000000000000e+03
3.562000000000000000e+03
3.564000000000000000e+03
3.603000000000000000e+03
3.562000000000000000e+03
3.404000000000000000e+03
3.475000000000000000e+03
3.417000000000000000e+03
3.360000000000000000e+03
3.345000000000000000e+03
3.548000000000000000e+03
3.414000000000000000e+03
3.379000000000000000e+03
3.409000000000000000e+03
3.404000000000000000e+03
3.431000000000000000e+03
3.336000000000000000e+03
3.476000000000000000e+03
3.335000000000000000e+03
3.288000000000000000e+03
3.273000000000000000e+03
3.263000000000000000e+03
3.396000000000000000e+03
3.311000000000000000e+03
3.345000000000000000e+03
3.396000000000000000e+03
3.391000000000000000e+03
3.301000000000000000e+03
3.285000000000000000e+03
3.407000000000000000e+03
3.289000000000000000e+03
3.332000000000000000e+03
3.372000000000000000e+03
3.357000000000000000e+03
3.377000000000000000e+03
3.328000000000000000e+03
3.308000000000000000e+03
3.301000000000000000e+03
3.063000000000000000e+03
3.276000000000000000e+03
3.350000000000000000e+03
3.174000000000000000e+03
3.127000000000000000e+03
3.343000000000000000e+03
3.439000000000000000e+03
3.565000000000000000e+03
3.421000000000000000e+03
3.335000000000000000e+03
3.397000000000000000e+03
3.388000000000000000e+03
3.440000000000000000e+03
3.389000000000000000e+03
3.391000000000000000e+03
3.319000000000000000e+03
3.308000000000000000e+03
3.233000000000000000e+03
3.166000000000000000e+03
3.121000000000000000e+03
3.278000000000000000e+03
3.173000000000000000e+03
3.322000000000000000e+03
3.292000000000000000e+03
3.345000000000000000e+03
3.370000000000000000e+03
3.396000000000000000e+03
3.435000000000000000e+03
3.446000000000000000e+03
3.498000000000000000e+03
3.618000000000000000e+03
3.402000000000000000e+03
3.655000000000000000e+03
3.526000000000000000e+03
3.585000000000000000e+03
3.627000000000000000e+03
3.696000000000000000e+03
3.671000000000000000e+03
3.633000000000000000e+03
3.616000000000000000e+03
3.640000000000000000e+03
3.577000000000000000e+03
3.580000000000000000e+03
3.584000000000000000e+03
3.543000000000000000e+03
3.257000000000000000e+03
3.240000000000000000e+03
3.138000000000000000e+03
3.439000000000000000e+03
3.344000000000000000e+03
3.438000000000000000e+03
3.382000000000000000e+03
3.182000000000000000e+03
3.272000000000000000e+03
3.270000000000000000e+03
3.218000000000000000e+03
3.357000000000000000e+03
3.191000000000000000e+03
3.342000000000000000e+03
3.424000000000000000e+03
3.409000000000000000e+03
3.483000000000000000e+03
3.353000000000000000e+03
3.449000000000000000e+03
3.251000000000000000e+03
3.281000000000000000e+03
3.261000000000000000e+03
3.389000000000000000e+03
3.215000000000000000e+03
3.297000000000000000e+03
3.265000000000000000e+03
3.319000000000000000e+03
3.252000000000000000e+03
3.348000000000000000e+03
3.293000000000000000e+03
3.383000000000000000e+03
3.272000000000000000e+03
3.333000000000000000e+03
3.370000000000000000e+03
3.237000000000000000e+03
3.534000000000000000e+03
3.424000000000000000e+03
3.416000000000000000e+03
3.440000000000000000e+03
3.404000000000000000e+03
3.449000000000000000e+03
3.369000000000000000e+03
3.295000000000000000e+03
3.273000000000000000e+03
3.268000000000000000e+03
3.311000000000000000e+03
3.318000000000000000e+03
3.417000000000000000e+03
3.355000000000000000e+03
3.191000000000000000e+03
3.258000000000000000e+03
3.351000000000000000e+03
3.427000000000000000e+03
3.312000000000000000e+03
3.538000000000000000e+03
3.400000000000000000e+03
3.378000000000000000e+03
3.323000000000000000e+03
3.258000000000000000e+03
3.371000000000000000e+03
3.302000000000000000e+03
3.358000000000000000e+03
3.142000000000000000e+03
3.193000000000000000e+03
3.088000000000000000e+03
3.107000000000000000e+03
3.219000000000000000e+03
3.137000000000000000e+03
3.157000000000000000e+03
3.031000000000000000e+03
2.989000000000000000e+03
3.123000000000000000e+03
3.152000000000000000e+03
3.160000000000000000e+03
3.337000000000000000e+03
3.163000000000000000e+03
3.246000000000000000e+03
3.302000000000000000e+03
3.265000000000000000e+03
3.119000000000000000e+03
3.197000000000000000e+03
3.206000000000000000e+03
3.263000000000000000e+03
3.037000000000000000e+03
3.146000000000000000e+03
3.156000000000000000e+03
3.195000000000000000e+03
3.252000000000000000e+03
3.134000000000000000e+03
3.261000000000000000e+03
3.204000000000000000e+03
3.242000000000000000e+03
3.226000000000000000e+03
3.136000000000000000e+03
3.240000000000000000e+03
3.150000000000000000e+03
3.115000000000000000e+03
3.308000000000000000e+03
3.196000000000000000e+03
3.232000000000000000e+03
3.058000000000000000e+03
3.034000000000000000e+03
2.991000000000000000e+03
3.109000000000000000e+03
3.146000000000000000e+03
3.080000000000000000e+03
3.102000000000000000e+03
3.042000000000000000e+03
2.928000000000000000e+03
3.172000000000000000e+03
3.151000000000000000e+03
3.070000000000000000e+03
3.065000000000000000e+03
3.110000000000000000e+03
2.966000000000000000e+03
3.165000000000000000e+03
3.152000000000000000e+03
3.112000000000000000e+03
3.147000000000000000e+03
3.252000000000000000e+03
3.348000000000000000e+03
