5.464000000000000000e+03
5.584000000000000000e+03
5.630000000000000000e+03
5.728000000000000000e+03
5.636000000000000000e+03
5.576000000000000000e+03
5.608000000000000000e+03
5.610000000000000000e+03
5.616000000000000000e+03
5.734000000000000000e+03
5.782000000000000000e+03
5.814000000000000000e+03
5.702000000000000000e+03
5.640000000000000000e+03
5.640000000000000000e+03
5.594000000000000000e+03
5.614000000000000000e+03
5.692000000000000000e+03
5.798000000000000000e+03
5.692000000000000000e+03
5.600000000000000000e+03
5.678000000000000000e+03
5.694000000000000000e+03
5.728000000000000000e+03
5.822000000000000000e+03
5.798000000000000000e+03
5.602000000000000000e+03
5.628000000000000000e+03
5.492000000000000000e+03
5.538000000000000000e+03
5.676000000000000000e+03
5.554000000000000000e+03
5.500000000000000000e+03
5.690000000000000000e+03
5.662000000000000000e+03
5.612000000000000000e+03
5.566000000000000000e+03
5.574000000000000000e+03
5.480000000000000000e+03
5.274000000000000000e+03
5.416000000000000000e+03
5.588000000000000000e+03
5.528000000000000000e+03
5.514000000000000000e+03
5.472000000000000000e+03
5.304000000000000000e+03
5.382000000000000000e+03
5.452000000000000000e+03
5.354000000000000000e+03
5.304000000000000000e+03
5.304000000000000000e+03
5.286000000000000000e+03
5.248000000000000000e+03
5.260000000000000000e+03
5.312000000000000000e+03
5.270000000000000000e+03
5.312000000000000000e+03
5.402000000000000000e+03
5.262000000000000000e+03
5.232000000000000000e+03
5.154000000000000000e+03
5.324000000000000000e+03
5.300000000000000000e+03
5.276000000000000000e+03
5.178000000000000000e+03
5.360000000000000000e+03
5.296000000000000000e+03
5.310000000000000000e+03
5.286000000000000000e+03
5.118000000000000000e+03
5.144000000000000000e+03
5.056000000000000000e+03
5.180000000000000000e+03
5.264000000000000000e+03
5.216000000000000000e+03
5.270000000000000000e+03
5.274000000000000000e+03
5.264000000000000000e+03
5.172000000000000000e+03
5.258000000000000000e+03
5.322000000000000000e+03
5.146000000000000000e+03
5.062000000000000000e+03
5.058000000000000000e+03
4.930000000000000000e+03
5.160000000000000000e+03
5.110000000000000000e+03
5.246000000000000000e+03
5.222000000000000000e+03
5.190000000000000000e+03
5.242000000000000000e+03
5.296000000000000000e+03
5.202000000000000000e+03
5.274000000000000000e+03
5.342000000000000000e+03
5.410000000000000000e+03
5.304000000000000000e+03
5.308000000000000000e+03
5.374000000000000000e+03
5.322000000000000000e+03
5.216000000000000000e+03
5.374000000000000000e+03
5.302000000000000000e+03
5.398000000000000000e+03
5.502000000000000000e+03
5.406000000000000000e+03
5.456000000000000000e+03
5.222000000000000000e+03
5.330000000000000000e+03
5.310000000000000000e+03
5.360000000000000000e+03
5.404000000000000000e+03
5.344000000000000000e+03
5.366000000000000000e+03
5.368000000000000000e+03
5.234000000000000000e+03
5.192000000000000000e+03
5.246000000000000000e+03
5.274000000000000000e+03
5.416000000000000000e+03
5.300000000000000000e+03
5.254000000000000000e+03
5.284000000000000000e+03
5.176000000000000000e+03
5.346000000000000000e+03
5.366000000000000000e+03
5.322000000000000000e+03
5.346000000000000000e+03
5.558000000000000000e+03
5.530000000000000000e+03
5.514000000000000000e+03
5.460000000000000000e+03
5.378000000000000000e+03
5.664000000000000000e+03
5.542000000000000000e+03
5.388000000000000000e+03
5.474000000000000000e+03
5.516000000000000000e+03
5.584000000000000000e+03
5.624000000000000000e+03
5.596000000000000000e+03
5.592000000000000000e+03
5.662000000000000000e+03
5.600000000000000000e+03
5.528000000000000000e+03
5.600000000000000000e+03
5.620000000000000000e+03
5.656000000000000000e+03
5.780000000000000000e+03
5.654000000000000000e+03
5.622000000000000000e+03
5.710000000000000000e+03
5.654000000000000000e+03
5.650000000000000000e+03
5.624000000000000000e+03
5.714000000000000000e+03
5.730000000000000000e+03
5.742000000000000000e+03
5.754000000000000000e+03
5.746000000000000000e+03
5.586000000000000000e+03
5.734000000000000000e+03
5.708000000000000000e+03
5.626000000000000000e+03
5.840000000000000000e+03
5.744000000000000000e+03
5.874000000000000000e+03
5.786000000000000000e+03
5.742000000000000000e+03
5.764000000000000000e+03
5.716000000000000000e+03
5.828000000000000000e+03
5.604000000000000000e+03
5.574000000000000000e+03
5.578000000000000000e+03
5.580000000000000000e+03
5.598000000000000000e+03
5.754000000000000000e+03
5.792000000000000000e+03
5.686000000000000000e+03
5.598000000000000000e+03
5.708000000000000000e+03
5.624000000000000000e+03
5.708000000000000000e+03
5.690000000000000000e+03
5.598000000000000000e+03
5.868000000000000000e+03
5.814000000000000000e+03
5.656000000000000000e+03
5.698000000000000000e+03
5.812000000000000000e+03
5.772000000000000000e+03
5.840000000000000000e+03
5.866000000000000000e+03
5.616000000000000000e+03
5.778000000000000000e+03
6.068000000000000000e+03
5.990000000000000000e+03
5.868000000000000000e+03
5.924000000000000000e+03
6.094000000000000000e+03
6.032000000000000000e+03
6.190000000000000000e+03
5.988000000000000000e+03
6.222000000000000000e+03
6.060000000000000000e+03
6.122000000000000000e+03
6.002000000000000000e+03
5.998000000000000000e+03
6.114000000000000000e+03
6.002000000000000000e+03
6.006000000000000000e+03
6.044000000000000000e+03
5.960000000000000000e+03
5.994000000000000000e+03
6.064000000000000000e+03
5.976000000000000000e+03
5.860000000000000000e+03
5.860000000000000000e+03
5.960000000000000000e+03
6.046000000000000000e+03
6.010000000000000000e+03
5.992000000000000000e+03
6.112000000000000000e+03
6.096000000000000000e+03
6.110000000000000000e+03
6.110000000000000000e+03
6.198000000000000000e+03
6.222000000000000000e+03
6.180000000000000000e+03
6.206000000000000000e+03
6.142000000000000000e+03
6.158000000000000000e+03
6.160000000000000000e+03
6.080000000000000000e+03
6.194000000000000000e+03
6.172000000000000000e+03
6.030000000000000000e+03
6.046000000000000000e+03
6.026000000000000000e+03
6.096000000000000000e+03
5.980000000000000000e+03
6.048000000000000000e+03
6.008000000000000000e+03
5.916000000000000000e+03
6.040000000000000000e+03
6.106000000000000000e+03
6.064000000000000000e+03
6.010000000000000000e+03
5.922000000000000000e+03
6.002000000000000000e+03
5.990000000000000000e+03
5.916000000000000000e+03
6.086000000000000000e+03
6.052000000000000000e+03
5.976000000000000000e+03
5.838000000000000000e+03
5.928000000000000000e+03
5.900000000000000000e+03
5.880000000000000000e+03
5.952000000000000000e+03
6.024000000000000000e+03
5.988000000000000000e+03
5.988000000000000000e+03
5.928000000000000000e+03
6.178000000000000000e+03
6.054000000000000000e+03
6.138000000000000000e+03
6.022000000000000000e+03
6.190000000000000000e+03
6.138000000000000000e+03
6.192000000000000000e+03
6.270000000000000000e+03
6.282000000000000000e+03
6.066000000000000000e+03
6.094000000000000000e+03
6.168000000000000000e+03
6.084000000000000000e+03
6.212000000000000000e+03
6.088000000000000000e+03
6.170000000000000000e+03
5.980000000000000000e+03
6.122000000000000000e+03
5.994000000000000000e+03
6.104000000000000000e+03
6.184000000000000000e+03
6.204000000000000000e+03
6.188000000000000000e+03
6.140000000000000000e+03
6.190000000000000000e+03
6.180000000000000000e+03
5.954000000000000000e+03
6.102000000000000000e+03
6.132000000000000000e+03
6.166000000000000000e+03
6.170000000000000000e+03
6.244000000000000000e+03
6.246000000000000000e+03
6.038000000000000000e+03
6.096000000000000000e+03
6.116000000000000000e+03
6.036000000000000000e+03
6.056000000000000000e+03
5.954000000000000000e+03
5.978000000000000000e+03
6.150000000000000000e+03
6.118000000000000000e+03
6.088000000000000000e+03
5.984000000000000000e+03
6.010000000000000000e+03
6.202000000000000000e+03
6.040000000000000000e+03
6.290000000000000000e+03
6.168000000000000000e+03
6.194000000000000000e+03
6.210000000000000000e+03
6.218000000000000000e+03
6.070000000000000000e+03
6.254000000000000000e+03
6.130000000000000000e+03
6.190000000000000000e+03
6.274000000000000000e+03
6.172000000000000000e+03
6.398000000000000000e+03
6.308000000000000000e+03
6.232000000000000000e+03
6.298000000000000000e+03
6.260000000000000000e+03
6.442000000000000000e+03
6.206000000000000000e+03
6.248000000000000000e+03
6.178000000000000000e+03
6.270000000000000000e+03
6.232000000000000000e+03
6.224000000000000000e+03
6.314000000000000000e+03
6.314000000000000000e+03
6.304000000000000000e+03
6.294000000000000000e+03
6.402000000000000000e+03
6.356000000000000000e+03
6.338000000000000000e+03
6.394000000000000000e+03
6.376000000000000000e+03
6.532000000000000000e+03
6.380000000000000000e+03
6.312000000000000000e+03
6.310000000000000000e+03
6.516000000000000000e+03
6.372000000000000000e+03
6.356000000000000000e+03
6.286000000000000000e+03
6.258000000000000000e+03
6.332000000000000000e+03
6.384000000000000000e+03
6.210000000000000000e+03
6.262000000000000000e+03
6.220000000000000000e+03
6.288000000000000000e+03
6.396000000000000000e+03
6.292000000000000000e+03
6.374000000000000000e+03
6.330000000000000000e+03
6.382000000000000000e+03
6.234000000000000000e+03
6.400000000000000000e+03
6.334000000000000000e+03
6.446000000000000000e+03
6.258000000000000000e+03
6.200000000000000000e+03
6.268000000000000000e+03
6.342000000000000000e+03
6.314000000000000000e+03
6.206000000000000000e+03
6.236000000000000000e+03
6.234000000000000000e+03
6.192000000000000000e+03
6.272000000000000000e+03
6.152000000000000000e+03
6.194000000000000000e+03
6.240000000000000000e+03
6.318000000000000000e+03
6.268000000000000000e+03
6.366000000000000000e+03
6.274000000000000000e+03
6.276000000000000000e+03
6.328000000000000000e+03
6.228000000000000000e+03
6.226000000000000000e+03
6.172000000000000000e+03
6.308000000000000000e+03
6.280000000000000000e+03
6.218000000000000000e+03
6.250000000000000000e+03
6.238000000000000000e+03
6.290000000000000000e+03
6.254000000000000000e+03
6.282000000000000000e+03
6.188000000000000000e+03
6.208000000000000000e+03
6.140000000000000000e+03
6.226000000000000000e+03
6.270000000000000000e+03
6.228000000000000000e+03
6.240000000000000000e+03
6.296000000000000000e+03
6.322000000000000000e+03
6.286000000000000000e+03
6.198000000000000000e+03
6.174000000000000000e+03
6.234000000000000000e+03
6.148000000000000000e+03
6.156000000000000000e+03
6.190000000000000000e+03
6.292000000000000000e+03
6.290000000000000000e+03
6.268000000000000000e+03
6.250000000000000000e+03
6.204000000000000000e+03
6.250000000000000000e+03
6.206000000000000000e+03
6.200000000000000000e+03
6.196000000000000000e+03
6.276000000000000000e+03
6.266000000000000000e+03
6.164000000000000000e+03
6.124000000000000000e+03
6.194000000000000000e+03
6.266000000000000000e+03
6.192000000000000000e+03
6.244000000000000000e+03
6.220000000000000000e+03
6.312000000000000000e+03
6.260000000000000000e+03
6.304000000000000000e+03
6.216000000000000000e+03
6.278000000000000000e+03
6.150000000000000000e+03
6.138000000000000000e+03
6.090000000000000000e+03
6.222000000000000000e+03
6.218000000000000000e+03
6.240000000000000000e+03
6.178000000000000000e+03
6.232000000000000000e+03
6.174000000000000000e+03
6.222000000000000000e+03
6.108000000000000000e+03
6.132000000000000000e+03
6.260000000000000000e+03
6.204000000000000000e+03
6.232000000000000000e+03
6.172000000000000000e+03
6.198000000000000000e+03
6.182000000000000000e+03
6.246000000000000000e+03
6.200000000000000000e+03
6.272000000000000000e+03
6.336000000000000000e+03
6.316000000000000000e+03
6.262000000000000000e+03
6.174000000000000000e+03
6.232000000000000000e+03
6.250000000000000000e+03
6.080000000000000000e+03
6.152000000000000000e+03
6.150000000000000000e+03
6.268000000000000000e+03
6.188000000000000000e+03
6.118000000000000000e+03
6.236000000000000000e+03
6.318000000000000000e+03
6.334000000000000000e+03
6.300000000000000000e+03
6.290000000000000000e+03
6.358000000000000000e+03
6.250000000000000000e+03
6.262000000000000000e+03
6.230000000000000000e+03
6.224000000000000000e+03
6.160000000000000000e+03
6.142000000000000000e+03
6.212000000000000000e+03
6.126000000000000000e+03
6.238000000000000000e+03
6.350000000000000000e+03
6.312000000000000000e+03
6.400000000000000000e+03
6.300000000000000000e+03
6.334000000000000000e+03
6.338000000000000000e+03
6.266000000000000000e+03
6.342000000000000000e+03
6.306000000000000000e+03
6.282000000000000000e+03
6.320000000000000000e+03
6.278000000000000000e+03
6.324000000000000000e+03
6.242000000000000000e+03
6.196000000000000000e+03
6.230000000000000000e+03
6.246000000000000000e+03
6.076000000000000000e+03
6.148000000000000000e+03
6.178000000000000000e+03
6.076000000000000000e+03
6.158000000000000000e+03
6.194000000000000000e+03
6.416000000000000000e+03
6.256000000000000000e+03
6.292000000000000000e+03
6.270000000000000000e+03
6.312000000000000000e+03
6.196000000000000000e+03
6.300000000000000000e+03
6.108000000000000000e+03
6.106000000000000000e+03
6.200000000000000000e+03
6.200000000000000000e+03
6.270000000000000000e+03
6.144000000000000000e+03
6.124000000000000000e+03
6.244000000000000000e+03
6.112000000000000000e+03
6.252000000000000000e+03
6.274000000000000000e+03
6.106000000000000000e+03
6.148000000000000000e+03
6.154000000000000000e+03
6.180000000000000000e+03
6.182000000000000000e+03
6.192000000000000000e+03
6.148000000000000000e+03
6.266000000000000000e+03
6.086000000000000000e+03
6.316000000000000000e+03
6.182000000000000000e+03
6.120000000000000000e+03
6.172000000000000000e+03
6.244000000000000000e+03
6.302000000000000000e+03
6.296000000000000000e+03
6.286000000000000000e+03
6.188000000000000000e+03
6.322000000000000000e+03
6.144000000000000000e+03
6.194000000000000000e+03
6.292000000000000000e+03
6.312000000000000000e+03
6.300000000000000000e+03
6.250000000000000000e+03
6.248000000000000000e+03
6.262000000000000000e+03
6.118000000000000000e+03
6.178000000000000000e+03
6.270000000000000000e+03
6.194000000000000000e+03
5.986000000000000000e+03
5.980000000000000000e+03
6.064000000000000000e+03
6.134000000000000000e+03
6.134000000000000000e+03
6.000000000000000000e+03
6.044000000000000000e+03
6.148000000000000000e+03
6.108000000000000000e+03
6.174000000000000000e+03
6.016000000000000000e+03
5.940000000000000000e+03
5.976000000000000000e+03
5.906000000000000000e+03
6.202000000000000000e+03
6.038000000000000000e+03
5.972000000000000000e+03
6.006000000000000000e+03
6.036000000000000000e+03
6.078000000000000000e+03
5.936000000000000000e+03
5.860000000000000000e+03
5.804000000000000000e+03
5.954000000000000000e+03
5.912000000000000000e+03
5.966000000000000000e+03
6.058000000000000000e+03
6.094000000000000000e+03
5.876000000000000000e+03
6.022000000000000000e+03
5.992000000000000000e+03
5.838000000000000000e+03
5.930000000000000000e+03
6.102000000000000000e+03
5.994000000000000000e+03
6.122000000000000000e+03
6.044000000000000000e+03
6.028000000000000000e+03
6.098000000000000000e+03
6.016000000000000000e+03
5.988000000000000000e+03
6.140000000000000000e+03
5.894000000000000000e+03
5.960000000000000000e+03
5.964000000000000000e+03
6.026000000000000000e+03
5.958000000000000000e+03
5.874000000000000000e+03
6.026000000000000000e+03
5.996000000000000000e+03
5.942000000000000000e+03
5.930000000000000000e+03
5.882000000000000000e+03
6.058000000000000000e+03
5.972000000000000000e+03
6.004000000000000000e+03
5.948000000000000000e+03
6.074000000000000000e+03
6.062000000000000000e+03
6.088000000000000000e+03
6.240000000000000000e+03
6.098000000000000000e+03
5.958000000000000000e+03
6.022000000000000000e+03
6.196000000000000000e+03
5.914000000000000000e+03
6.130000000000000000e+03
6.184000000000000000e+03
6.028000000000000000e+03
6.162000000000000000e+03
6.206000000000000000e+03
6.050000000000000000e+03
6.052000000000000000e+03
6.096000000000000000e+03
6.046000000000000000e+03
6.050000000000000000e+03
7.394000000000000000e+03
7.230000000000000000e+03
7.274000000000000000e+03
7.202000000000000000e+03
7.340000000000000000e+03
7.260000000000000000e+03
7.196000000000000000e+03
7.230000000000000000e+03
7.170000000000000000e+03
7.118000000000000000e+03
7.340000000000000000e+03
7.336000000000000000e+03
7.238000000000000000e+03
7.274000000000000000e+03
7.352000000000000000e+03
7.448000000000000000e+03
7.556000000000000000e+03
7.350000000000000000e+03
7.402000000000000000e+03
7.336000000000000000e+03
7.518000000000000000e+03
7.420000000000000000e+03
7.326000000000000000e+03
7.352000000000000000e+03
7.436000000000000000e+03
7.512000000000000000e+03
7.500000000000000000e+03
7.590000000000000000e+03
7.336000000000000000e+03
7.396000000000000000e+03
7.574000000000000000e+03
7.590000000000000000e+03
7.650000000000000000e+03
7.970000000000000000e+03
7.930000000000000000e+03
7.804000000000000000e+03
7.874000000000000000e+03
7.910000000000000000e+03
7.884000000000000000e+03
7.696000000000000000e+03
7.846000000000000000e+03
7.832000000000000000e+03
7.856000000000000000e+03
7.448000000000000000e+03
7.612000000000000000e+03
7.604000000000000000e+03
7.350000000000000000e+03
7.412000000000000000e+03
7.470000000000000000e+03
7.454000000000000000e+03
7.474000000000000000e+03
7.656000000000000000e+03
7.650000000000000000e+03
7.750000000000000000e+03
7.970000000000000000e+03
7.750000000000000000e+03
7.730000000000000000e+03
7.850000000000000000e+03
7.876000000000000000e+03
7.822000000000000000e+03
7.802000000000000000e+03
7.714000000000000000e+03
7.908000000000000000e+03
7.904000000000000000e+03
7.866000000000000000e+03
7.514000000000000000e+03
7.670000000000000000e+03
7.490000000000000000e+03
7.338000000000000000e+03
7.320000000000000000e+03
7.322000000000000000e+03
7.374000000000000000e+03
7.362000000000000000e+03
7.242000000000000000e+03
7.284000000000000000e+03
7.242000000000000000e+03
7.242000000000000000e+03
7.248000000000000000e+03
7.286000000000000000e+03
7.194000000000000000e+03
7.144000000000000000e+03
7.446000000000000000e+03
7.264000000000000000e+03
7.232000000000000000e+03
7.140000000000000000e+03
7.250000000000000000e+03
7.018000000000000000e+03
7.584000000000000000e+03
7.576000000000000000e+03
7.418000000000000000e+03
7.444000000000000000e+03
7.446000000000000000e+03
7.498000000000000000e+03
7.632000000000000000e+03
7.488000000000000000e+03
7.640000000000000000e+03
7.590000000000000000e+03
7.742000000000000000e+03
7.616000000000000000e+03
7.572000000000000000e+03
7.364000000000000000e+03
7.384000000000000000e+03
7.348000000000000000e+03
7.484000000000000000e+03
7.436000000000000000e+03
7.508000000000000000e+03
7.502000000000000000e+03
7.526000000000000000e+03
7.508000000000000000e+03
7.444000000000000000e+03
7.470000000000000000e+03
7.414000000000000000e+03
7.382000000000000000e+03
7.444000000000000000e+03
7.510000000000000000e+03
7.528000000000000000e+03
7.560000000000000000e+03
7.710000000000000000e+03
7.532000000000000000e+03
7.672000000000000000e+03
7.666000000000000000e+03
7.616000000000000000e+03
7.496000000000000000e+03
7.640000000000000000e+03
7.362000000000000000e+03
7.454000000000000000e+03
7.598000000000000000e+03
7.604000000000000000e+03
7.564000000000000000e+03
7.418000000000000000e+03
7.688000000000000000e+03
7.446000000000000000e+03
7.354000000000000000e+03
7.510000000000000000e+03
7.508000000000000000e+03
7.498000000000000000e+03
7.550000000000000000e+03
7.542000000000000000e+03
7.462000000000000000e+03
7.316000000000000000e+03
7.330000000000000000e+03
7.768000000000000000e+03
7.750000000000000000e+03
7.414000000000000000e+03
7.720000000000000000e+03
7.590000000000000000e+03
7.798000000000000000e+03
7.686000000000000000e+03
7.572000000000000000e+03
7.734000000000000000e+03
7.640000000000000000e+03
7.442000000000000000e+03
7.454000000000000000e+03
7.504000000000000000e+03
7.756000000000000000e+03
7.684000000000000000e+03
7.766000000000000000e+03
7.724000000000000000e+03
7.798000000000000000e+03
7.736000000000000000e+03
7.584000000000000000e+03
7.546000000000000000e+03
7.666000000000000000e+03
7.646000000000000000e+03
7.780000000000000000e+03
7.738000000000000000e+03
7.694000000000000000e+03
7.436000000000000000e+03
7.604000000000000000e+03
7.462000000000000000e+03
7.656000000000000000e+03
4.086000000000000000e+03
4.082000000000000000e+03
4.118000000000000000e+03
4.024000000000000000e+03
4.158000000000000000e+03
4.096000000000000000e+03
4.096000000000000000e+03
4.174000000000000000e+03
4.204000000000000000e+03
4.226000000000000000e+03
4.242000000000000000e+03
4.256000000000000000e+03
4.310000000000000000e+03
4.176000000000000000e+03
4.352000000000000000e+03
4.252000000000000000e+03
4.184000000000000000e+03
4.232000000000000000e+03
4.196000000000000000e+03
4.168000000000000000e+03
4.312000000000000000e+03
4.222000000000000000e+03
4.322000000000000000e+03
4.322000000000000000e+03
4.286000000000000000e+03
4.352000000000000000e+03
4.308000000000000000e+03
4.288000000000000000e+03
4.270000000000000000e+03
4.282000000000000000e+03
4.292000000000000000e+03
4.360000000000000000e+03
4.278000000000000000e+03
4.360000000000000000e+03
4.268000000000000000e+03
4.390000000000000000e+03
4.500000000000000000e+03
4.398000000000000000e+03
4.376000000000000000e+03
4.304000000000000000e+03
4.166000000000000000e+03
4.140000000000000000e+03
4.208000000000000000e+03
4.274000000000000000e+03
4.330000000000000000e+03
4.228000000000000000e+03
4.144000000000000000e+03
4.138000000000000000e+03
4.214000000000000000e+03
4.406000000000000000e+03
4.256000000000000000e+03
4.220000000000000000e+03
4.140000000000000000e+03
4.152000000000000000e+03
4.208000000000000000e+03
4.146000000000000000e+03
4.080000000000000000e+03
4.052000000000000000e+03
4.046000000000000000e+03
3.990000000000000000e+03
3.992000000000000000e+03
3.996000000000000000e+03
4.030000000000000000e+03
4.104000000000000000e+03
3.994000000000000000e+03
3.894000000000000000e+03
3.954000000000000000e+03
3.892000000000000000e+03
3.948000000000000000e+03
3.930000000000000000e+03
4.088000000000000000e+03
4.008000000000000000e+03
4.096000000000000000e+03
4.082000000000000000e+03
4.008000000000000000e+03
3.916000000000000000e+03
3.952000000000000000e+03
3.988000000000000000e+03
3.934000000000000000e+03
4.050000000000000000e+03
4.072000000000000000e+03
4.066000000000000000e+03
4.152000000000000000e+03
4.004000000000000000e+03
4.124000000000000000e+03
4.076000000000000000e+03
4.138000000000000000e+03
4.208000000000000000e+03
4.172000000000000000e+03
4.094000000000000000e+03
3.880000000000000000e+03
3.958000000000000000e+03
3.930000000000000000e+03
4.032000000000000000e+03
3.808000000000000000e+03
3.812000000000000000e+03
3.842000000000000000e+03
3.946000000000000000e+03
3.932000000000000000e+03
3.924000000000000000e+03
4.004000000000000000e+03
4.054000000000000000e+03
3.994000000000000000e+03
3.870000000000000000e+03
3.938000000000000000e+03
4.032000000000000000e+03
4.010000000000000000e+03
4.000000000000000000e+03
3.898000000000000000e+03
4.022000000000000000e+03
4.016000000000000000e+03
4.058000000000000000e+03
3.944000000000000000e+03
3.910000000000000000e+03
3.992000000000000000e+03
3.978000000000000000e+03
4.044000000000000000e+03
4.156000000000000000e+03
4.146000000000000000e+03
4.074000000000000000e+03
4.078000000000000000e+03
4.158000000000000000e+03
4.158000000000000000e+03
4.082000000000000000e+03
4.164000000000000000e+03
4.224000000000000000e+03
4.232000000000000000e+03
4.240000000000000000e+03
4.110000000000000000e+03
4.166000000000000000e+03
4.168000000000000000e+03
4.034000000000000000e+03
4.176000000000000000e+03
4.202000000000000000e+03
4.170000000000000000e+03
4.178000000000000000e+03
4.008000000000000000e+03
4.120000000000000000e+03
4.204000000000000000e+03
4.326000000000000000e+03
4.342000000000000000e+03
4.324000000000000000e+03
4.202000000000000000e+03
4.162000000000000000e+03
4.114000000000000000e+03
4.112000000000000000e+03
4.126000000000000000e+03
4.024000000000000000e+03
4.088000000000000000e+03
4.242000000000000000e+03
4.126000000000000000e+03
4.066000000000000000e+03
4.240000000000000000e+03
4.102000000000000000e+03
4.096000000000000000e+03
4.268000000000000000e+03
4.204000000000000000e+03
4.154000000000000000e+03
4.176000000000000000e+03
4.160000000000000000e+03
4.130000000000000000e+03
4.154000000000000000e+03
4.190000000000000000e+03
4.228000000000000000e+03
4.260000000000000000e+03
4.166000000000000000e+03
4.218000000000000000e+03
4.210000000000000000e+03
4.264000000000000000e+03
4.190000000000000000e+03
4.266000000000000000e+03
4.334000000000000000e+03
4.298000000000000000e+03
4.314000000000000000e+03
4.068000000000000000e+03
4.188000000000000000e+03
4.166000000000000000e+03
4.106000000000000000e+03
4.320000000000000000e+03
4.106000000000000000e+03
4.240000000000000000e+03
4.350000000000000000e+03
4.324000000000000000e+03
4.396000000000000000e+03
4.310000000000000000e+03
4.338000000000000000e+03
4.260000000000000000e+03
4.296000000000000000e+03
4.288000000000000000e+03
4.312000000000000000e+03
4.278000000000000000e+03
4.362000000000000000e+03
4.384000000000000000e+03
4.308000000000000000e+03
4.388000000000000000e+03
4.288000000000000000e+03
4.224000000000000000e+03
4.376000000000000000e+03
4.236000000000000000e+03
4.332000000000000000e+03
4.332000000000000000e+03
4.440000000000000000e+03
4.342000000000000000e+03
4.316000000000000000e+03
4.342000000000000000e+03
4.290000000000000000e+03
4.370000000000000000e+03
4.382000000000000000e+03
4.460000000000000000e+03
4.360000000000000000e+03
4.434000000000000000e+03
4.514000000000000000e+03
4.410000000000000000e+03
4.352000000000000000e+03
4.340000000000000000e+03
4.386000000000000000e+03
4.254000000000000000e+03
4.268000000000000000e+03
4.046000000000000000e+03
4.238000000000000000e+03
4.144000000000000000e+03
4.130000000000000000e+03
4.134000000000000000e+03
4.214000000000000000e+03
4.192000000000000000e+03
4.176000000000000000e+03
4.106000000000000000e+03
4.130000000000000000e+03
4.174000000000000000e+03
4.224000000000000000e+03
4.110000000000000000e+03
4.184000000000000000e+03
4.150000000000000000e+03
4.226000000000000000e+03
4.026000000000000000e+03
3.998000000000000000e+03
4.084000000000000000e+03
4.164000000000000000e+03
4.156000000000000000e+03
4.184000000000000000e+03
4.150000000000000000e+03
4.198000000000000000e+03
4.066000000000000000e+03
4.072000000000000000e+03
4.190000000000000000e+03
4.242000000000000000e+03
4.266000000000000000e+03
4.086000000000000000e+03
4.042000000000000000e+03
4.102000000000000000e+03
4.094000000000000000e+03
4.186000000000000000e+03
4.240000000000000000e+03
4.216000000000000000e+03
4.058000000000000000e+03
4.126000000000000000e+03
4.118000000000000000e+03
4.250000000000000000e+03
4.194000000000000000e+03
4.280000000000000000e+03
4.236000000000000000e+03
4.170000000000000000e+03
4.172000000000000000e+03
4.162000000000000000e+03
4.154000000000000000e+03
4.244000000000000000e+03
4.182000000000000000e+03
4.266000000000000000e+03
4.226000000000000000e+03
4.224000000000000000e+03
4.336000000000000000e+03
4.296000000000000000e+03
4.216000000000000000e+03
4.252000000000000000e+03
4.090000000000000000e+03
4.120000000000000000e+03
4.184000000000000000e+03
4.140000000000000000e+03
4.166000000000000000e+03
4.228000000000000000e+03
4.226000000000000000e+03
6.568000000000000000e+03
6.744000000000000000e+03
6.578000000000000000e+03
6.666000000000000000e+03
6.590000000000000000e+03
6.698000000000000000e+03
6.738000000000000000e+03
6.662000000000000000e+03
6.672000000000000000e+03
6.808000000000000000e+03
6.778000000000000000e+03
6.746000000000000000e+03
6.576000000000000000e+03
6.612000000000000000e+03
6.670000000000000000e+03
6.790000000000000000e+03
6.754000000000000000e+03
6.718000000000000000e+03
6.618000000000000000e+03
6.574000000000000000e+03
6.502000000000000000e+03
6.718000000000000000e+03
6.710000000000000000e+03
6.588000000000000000e+03
6.702000000000000000e+03
6.732000000000000000e+03
6.518000000000000000e+03
6.588000000000000000e+03
6.622000000000000000e+03
6.594000000000000000e+03
6.750000000000000000e+03
6.838000000000000000e+03
6.766000000000000000e+03
6.634000000000000000e+03
6.680000000000000000e+03
6.594000000000000000e+03
6.478000000000000000e+03
6.622000000000000000e+03
6.668000000000000000e+03
6.602000000000000000e+03
6.528000000000000000e+03
6.712000000000000000e+03
6.854000000000000000e+03
6.852000000000000000e+03
6.872000000000000000e+03
6.952000000000000000e+03
7.064000000000000000e+03
7.126000000000000000e+03
7.166000000000000000e+03
7.146000000000000000e+03
7.188000000000000000e+03
7.208000000000000000e+03
7.158000000000000000e+03
7.090000000000000000e+03
7.234000000000000000e+03
7.138000000000000000e+03
7.140000000000000000e+03
7.094000000000000000e+03
7.084000000000000000e+03
7.090000000000000000e+03
7.160000000000000000e+03
7.366000000000000000e+03
7.042000000000000000e+03
7.040000000000000000e+03
7.154000000000000000e+03
7.056000000000000000e+03
7.178000000000000000e+03
7.222000000000000000e+03
7.042000000000000000e+03
7.162000000000000000e+03
7.176000000000000000e+03
7.128000000000000000e+03
7.268000000000000000e+03
7.222000000000000000e+03
7.300000000000000000e+03
7.320000000000000000e+03
7.456000000000000000e+03
7.276000000000000000e+03
7.192000000000000000e+03
7.356000000000000000e+03
7.376000000000000000e+03
7.266000000000000000e+03
7.312000000000000000e+03
7.374000000000000000e+03
7.306000000000000000e+03
7.282000000000000000e+03
7.372000000000000000e+03
7.300000000000000000e+03
7.128000000000000000e+03
7.282000000000000000e+03
7.332000000000000000e+03
7.308000000000000000e+03
7.316000000000000000e+03
7.344000000000000000e+03
7.304000000000000000e+03
7.306000000000000000e+03
7.176000000000000000e+03
7.470000000000000000e+03
7.364000000000000000e+03
7.546000000000000000e+03
7.608000000000000000e+03
7.444000000000000000e+03
7.330000000000000000e+03
7.270000000000000000e+03
7.346000000000000000e+03
7.344000000000000000e+03
7.350000000000000000e+03
7.384000000000000000e+03
7.398000000000000000e+03
7.170000000000000000e+03
7.358000000000000000e+03
7.446000000000000000e+03
7.436000000000000000e+03
7.326000000000000000e+03
7.364000000000000000e+03
7.336000000000000000e+03
7.392000000000000000e+03
7.488000000000000000e+03
7.514000000000000000e+03
7.486000000000000000e+03
7.310000000000000000e+03
7.170000000000000000e+03
7.234000000000000000e+03
7.100000000000000000e+03
7.328000000000000000e+03
7.242000000000000000e+03
7.160000000000000000e+03
7.338000000000000000e+03
7.452000000000000000e+03
7.262000000000000000e+03
7.256000000000000000e+03
7.218000000000000000e+03
7.370000000000000000e+03
7.310000000000000000e+03
7.462000000000000000e+03
7.430000000000000000e+03
7.300000000000000000e+03
7.234000000000000000e+03
7.186000000000000000e+03
7.344000000000000000e+03
7.558000000000000000e+03
7.482000000000000000e+03
7.450000000000000000e+03
7.410000000000000000e+03
7.462000000000000000e+03
7.274000000000000000e+03
7.378000000000000000e+03
7.522000000000000000e+03
7.364000000000000000e+03
7.634000000000000000e+03
7.556000000000000000e+03
7.544000000000000000e+03
7.720000000000000000e+03
7.324000000000000000e+03
7.700000000000000000e+03
7.644000000000000000e+03
7.664000000000000000e+03
7.630000000000000000e+03
7.406000000000000000e+03
7.332000000000000000e+03
7.510000000000000000e+03
7.600000000000000000e+03
7.490000000000000000e+03
7.366000000000000000e+03
7.466000000000000000e+03
7.442000000000000000e+03
7.480000000000000000e+03
7.624000000000000000e+03
7.426000000000000000e+03
7.482000000000000000e+03
7.392000000000000000e+03
7.428000000000000000e+03
7.382000000000000000e+03
7.476000000000000000e+03
7.480000000000000000e+03
7.356000000000000000e+03
7.456000000000000000e+03
7.540000000000000000e+03
7.478000000000000000e+03
7.586000000000000000e+03
7.432000000000000000e+03
7.466000000000000000e+03
7.320000000000000000e+03
7.494000000000000000e+03
7.398000000000000000e+03
7.446000000000000000e+03
7.456000000000000000e+03
7.398000000000000000e+03
7.436000000000000000e+03
7.346000000000000000e+03
7.312000000000000000e+03
7.276000000000000000e+03
7.512000000000000000e+03
7.236000000000000000e+03
7.332000000000000000e+03
6.978000000000000000e+03
6.940000000000000000e+03
7.086000000000000000e+03
7.112000000000000000e+03
7.162000000000000000e+03
7.230000000000000000e+03
7.460000000000000000e+03
7.616000000000000000e+03
7.536000000000000000e+03
7.594000000000000000e+03
7.554000000000000000e+03
7.650000000000000000e+03
7.518000000000000000e+03
7.492000000000000000e+03
7.420000000000000000e+03
7.566000000000000000e+03
7.440000000000000000e+03
7.492000000000000000e+03
7.522000000000000000e+03
7.554000000000000000e+03
7.598000000000000000e+03
7.614000000000000000e+03
7.662000000000000000e+03
7.590000000000000000e+03
7.588000000000000000e+03
7.678000000000000000e+03
7.560000000000000000e+03
7.660000000000000000e+03
7.760000000000000000e+03
7.776000000000000000e+03
7.600000000000000000e+03
7.690000000000000000e+03
7.508000000000000000e+03
7.654000000000000000e+03
7.556000000000000000e+03
7.798000000000000000e+03
7.550000000000000000e+03
7.664000000000000000e+03
7.806000000000000000e+03
7.886000000000000000e+03
7.618000000000000000e+03
7.650000000000000000e+03
7.758000000000000000e+03
7.450000000000000000e+03
7.750000000000000000e+03
7.714000000000000000e+03
7.802000000000000000e+03
7.560000000000000000e+03
7.756000000000000000e+03
7.640000000000000000e+03
7.804000000000000000e+03
7.764000000000000000e+03
7.646000000000000000e+03
7.802000000000000000e+03
7.678000000000000000e+03
7.744000000000000000e+03
7.798000000000000000e+03
7.670000000000000000e+03
7.590000000000000000e+03
7.622000000000000000e+03
7.422000000000000000e+03
7.422000000000000000e+03
7.332000000000000000e+03
7.320000000000000000e+03
7.474000000000000000e+03
7.508000000000000000e+03
7.470000000000000000e+03
7.418000000000000000e+03
7.710000000000000000e+03
7.520000000000000000e+03
7.502000000000000000e+03
7.546000000000000000e+03
7.510000000000000000e+03
7.558000000000000000e+03
7.508000000000000000e+03
7.616000000000000000e+03
7.404000000000000000e+03
7.662000000000000000e+03
7.636000000000000000e+03
7.438000000000000000e+03
7.366000000000000000e+03
7.462000000000000000e+03
7.492000000000000000e+03
7.442000000000000000e+03
7.330000000000000000e+03
7.352000000000000000e+03
7.284000000000000000e+03
7.472000000000000000e+03
7.392000000000000000e+03
7.410000000000000000e+03
7.366000000000000000e+03
7.358000000000000000e+03
7.304000000000000000e+03
7.280000000000000000e+03
7.392000000000000000e+03
7.364000000000000000e+03
7.552000000000000000e+03
7.508000000000000000e+03
7.424000000000000000e+03
7.612000000000000000e+03
7.302000000000000000e+03
7.284000000000000000e+03
7.156000000000000000e+03
7.392000000000000000e+03
7.432000000000000000e+03
7.364000000000000000e+03
7.230000000000000000e+03
7.268000000000000000e+03
7.320000000000000000e+03
7.288000000000000000e+03
7.112000000000000000e+03
7.184000000000000000e+03
7.394000000000000000e+03
7.214000000000000000e+03
7.384000000000000000e+03
7.150000000000000000e+03
7.156000000000000000e+03
7.298000000000000000e+03
7.174000000000000000e+03
7.324000000000000000e+03
7.266000000000000000e+03
7.342000000000000000e+03
7.402000000000000000e+03
7.516000000000000000e+03
7.322000000000000000e+03
7.334000000000000000e+03
7.404000000000000000e+03
7.406000000000000000e+03
7.364000000000000000e+03
7.124000000000000000e+03
7.236000000000000000e+03
6.980000000000000000e+03
7.232000000000000000e+03
7.092000000000000000e+03
7.178000000000000000e+03
7.122000000000000000e+03
6.976000000000000000e+03
6.918000000000000000e+03
7.024000000000000000e+03
6.942000000000000000e+03
7.164000000000000000e+03
7.058000000000000000e+03
6.934000000000000000e+03
7.032000000000000000e+03
7.180000000000000000e+03
7.180000000000000000e+03
7.160000000000000000e+03
7.168000000000000000e+03
7.222000000000000000e+03
7.158000000000000000e+03
7.308000000000000000e+03
7.162000000000000000e+03
7.234000000000000000e+03
7.232000000000000000e+03
6.986000000000000000e+03
7.140000000000000000e+03
7.266000000000000000e+03
7.056000000000000000e+03
7.358000000000000000e+03
7.246000000000000000e+03
7.290000000000000000e+03
7.374000000000000000e+03
7.244000000000000000e+03
7.182000000000000000e+03
7.206000000000000000e+03
7.326000000000000000e+03
4.830000000000000000e+03
4.912000000000000000e+03
4.900000000000000000e+03
4.942000000000000000e+03
5.174000000000000000e+03
4.914000000000000000e+03
4.912000000000000000e+03
4.914000000000000000e+03
4.996000000000000000e+03
5.048000000000000000e+03
4.974000000000000000e+03
5.006000000000000000e+03
5.084000000000000000e+03
5.050000000000000000e+03
5.028000000000000000e+03
4.932000000000000000e+03
4.920000000000000000e+03
4.970000000000000000e+03
4.914000000000000000e+03
4.844000000000000000e+03
4.990000000000000000e+03
5.020000000000000000e+03
5.020000000000000000e+03
4.888000000000000000e+03
4.912000000000000000e+03
4.816000000000000000e+03
4.858000000000000000e+03
5.076000000000000000e+03
4.830000000000000000e+03
4.942000000000000000e+03
4.932000000000000000e+03
4.864000000000000000e+03
4.836000000000000000e+03
4.916000000000000000e+03
4.814000000000000000e+03
4.726000000000000000e+03
4.714000000000000000e+03
4.814000000000000000e+03
4.850000000000000000e+03
4.832000000000000000e+03
4.886000000000000000e+03
4.812000000000000000e+03
4.832000000000000000e+03
4.788000000000000000e+03
4.768000000000000000e+03
4.790000000000000000e+03
4.870000000000000000e+03
4.826000000000000000e+03
4.882000000000000000e+03
4.846000000000000000e+03
4.876000000000000000e+03
4.908000000000000000e+03
4.852000000000000000e+03
4.920000000000000000e+03
5.024000000000000000e+03
5.064000000000000000e+03
4.986000000000000000e+03
4.984000000000000000e+03
4.870000000000000000e+03
4.886000000000000000e+03
4.850000000000000000e+03
4.834000000000000000e+03
4.826000000000000000e+03
4.888000000000000000e+03
4.852000000000000000e+03
4.964000000000000000e+03
4.866000000000000000e+03
4.874000000000000000e+03
4.888000000000000000e+03
4.986000000000000000e+03
4.904000000000000000e+03
5.006000000000000000e+03
4.894000000000000000e+03
4.980000000000000000e+03
4.960000000000000000e+03
5.012000000000000000e+03
4.964000000000000000e+03
4.950000000000000000e+03
4.918000000000000000e+03
4.918000000000000000e+03
5.014000000000000000e+03
4.984000000000000000e+03
5.086000000000000000e+03
5.042000000000000000e+03
5.084000000000000000e+03
4.940000000000000000e+03
5.048000000000000000e+03
5.146000000000000000e+03
5.144000000000000000e+03
5.114000000000000000e+03
5.320000000000000000e+03
5.176000000000000000e+03
5.284000000000000000e+03
5.274000000000000000e+03
5.190000000000000000e+03
5.304000000000000000e+03
5.186000000000000000e+03
5.236000000000000000e+03
5.234000000000000000e+03
5.374000000000000000e+03
5.368000000000000000e+03
5.424000000000000000e+03
5.440000000000000000e+03
5.578000000000000000e+03
5.714000000000000000e+03
5.530000000000000000e+03
5.628000000000000000e+03
5.604000000000000000e+03
5.538000000000000000e+03
5.552000000000000000e+03
5.662000000000000000e+03
5.734000000000000000e+03
5.816000000000000000e+03
5.730000000000000000e+03
5.678000000000000000e+03
5.814000000000000000e+03
5.804000000000000000e+03
5.892000000000000000e+03
5.790000000000000000e+03
5.748000000000000000e+03
5.740000000000000000e+03
5.580000000000000000e+03
5.600000000000000000e+03
5.526000000000000000e+03
5.482000000000000000e+03
5.606000000000000000e+03
5.600000000000000000e+03
5.602000000000000000e+03
5.560000000000000000e+03
5.654000000000000000e+03
5.812000000000000000e+03
5.806000000000000000e+03
5.944000000000000000e+03
5.770000000000000000e+03
5.774000000000000000e+03
5.690000000000000000e+03
5.766000000000000000e+03
5.758000000000000000e+03
5.826000000000000000e+03
5.698000000000000000e+03
5.648000000000000000e+03
5.778000000000000000e+03
5.834000000000000000e+03
5.684000000000000000e+03
5.604000000000000000e+03
5.756000000000000000e+03
5.822000000000000000e+03
5.770000000000000000e+03
5.806000000000000000e+03
5.654000000000000000e+03
5.798000000000000000e+03
5.916000000000000000e+03
5.842000000000000000e+03
5.712000000000000000e+03
5.692000000000000000e+03
5.594000000000000000e+03
5.750000000000000000e+03
5.718000000000000000e+03
5.752000000000000000e+03
5.856000000000000000e+03
5.574000000000000000e+03
5.878000000000000000e+03
5.742000000000000000e+03
5.882000000000000000e+03
6.052000000000000000e+03
5.980000000000000000e+03
6.016000000000000000e+03
5.986000000000000000e+03
5.968000000000000000e+03
5.790000000000000000e+03
5.738000000000000000e+03
5.900000000000000000e+03
5.806000000000000000e+03
5.882000000000000000e+03
5.828000000000000000e+03
5.696000000000000000e+03
5.948000000000000000e+03
5.804000000000000000e+03
6.014000000000000000e+03
5.942000000000000000e+03
6.010000000000000000e+03
5.888000000000000000e+03
5.866000000000000000e+03
5.890000000000000000e+03
5.826000000000000000e+03
5.818000000000000000e+03
5.864000000000000000e+03
5.780000000000000000e+03
5.848000000000000000e+03
5.816000000000000000e+03
5.850000000000000000e+03
5.880000000000000000e+03
5.946000000000000000e+03
6.036000000000000000e+03
5.844000000000000000e+03
5.966000000000000000e+03
6.018000000000000000e+03
5.962000000000000000e+03
5.944000000000000000e+03
5.988000000000000000e+03
5.958000000000000000e+03
6.132000000000000000e+03
6.086000000000000000e+03
5.928000000000000000e+03
5.952000000000000000e+03
5.960000000000000000e+03
5.872000000000000000e+03
5.970000000000000000e+03
5.768000000000000000e+03
5.850000000000000000e+03
5.842000000000000000e+03
5.938000000000000000e+03
5.792000000000000000e+03
5.932000000000000000e+03
5.894000000000000000e+03
5.754000000000000000e+03
5.760000000000000000e+03
5.626000000000000000e+03
5.932000000000000000e+03
5.986000000000000000e+03
5.988000000000000000e+03
5.876000000000000000e+03
5.862000000000000000e+03
6.064000000000000000e+03
5.954000000000000000e+03
5.922000000000000000e+03
5.942000000000000000e+03
5.934000000000000000e+03
5.820000000000000000e+03
5.702000000000000000e+03
5.612000000000000000e+03
5.670000000000000000e+03
5.712000000000000000e+03
5.788000000000000000e+03
5.822000000000000000e+03
5.746000000000000000e+03
5.828000000000000000e+03
5.798000000000000000e+03
5.956000000000000000e+03
5.976000000000000000e+03
5.826000000000000000e+03
5.936000000000000000e+03
5.952000000000000000e+03
5.868000000000000000e+03
5.762000000000000000e+03
5.844000000000000000e+03
5.936000000000000000e+03
5.846000000000000000e+03
5.938000000000000000e+03
6.012000000000000000e+03
6.004000000000000000e+03
5.978000000000000000e+03
5.994000000000000000e+03
5.914000000000000000e+03
5.978000000000000000e+03
5.988000000000000000e+03
5.710000000000000000e+03
5.942000000000000000e+03
6.012000000000000000e+03
6.084000000000000000e+03
6.160000000000000000e+03
6.080000000000000000e+03
6.012000000000000000e+03
5.922000000000000000e+03
5.916000000000000000e+03
6.066000000000000000e+03
6.014000000000000000e+03
5.972000000000000000e+03
6.112000000000000000e+03
6.034000000000000000e+03
6.088000000000000000e+03
6.122000000000000000e+03
5.980000000000000000e+03
6.054000000000000000e+03
5.992000000000000000e+03
6.052000000000000000e+03
5.836000000000000000e+03
6.030000000000000000e+03
5.828000000000000000e+03
5.800000000000000000e+03
5.896000000000000000e+03
5.874000000000000000e+03
5.930000000000000000e+03
6.028000000000000000e+03
5.932000000000000000e+03
5.864000000000000000e+03
5.930000000000000000e+03
5.930000000000000000e+03
5.810000000000000000e+03
5.894000000000000000e+03
5.920000000000000000e+03
5.920000000000000000e+03
6.022000000000000000e+03
5.776000000000000000e+03
5.882000000000000000e+03
5.864000000000000000e+03
5.740000000000000000e+03
5.946000000000000000e+03
6.032000000000000000e+03
5.940000000000000000e+03
5.936000000000000000e+03
5.994000000000000000e+03
5.982000000000000000e+03
5.828000000000000000e+03
5.958000000000000000e+03
5.800000000000000000e+03
5.796000000000000000e+03
5.916000000000000000e+03
5.924000000000000000e+03
5.860000000000000000e+03
5.842000000000000000e+03
5.886000000000000000e+03
5.994000000000000000e+03
6.000000000000000000e+03
5.860000000000000000e+03
5.720000000000000000e+03
5.938000000000000000e+03
5.820000000000000000e+03
5.788000000000000000e+03
5.708000000000000000e+03
5.812000000000000000e+03
5.724000000000000000e+03
5.784000000000000000e+03
5.790000000000000000e+03
5.756000000000000000e+03
5.620000000000000000e+03
5.784000000000000000e+03
5.576000000000000000e+03
5.530000000000000000e+03
5.588000000000000000e+03
5.620000000000000000e+03
5.652000000000000000e+03
5.786000000000000000e+03
5.732000000000000000e+03
5.764000000000000000e+03
5.764000000000000000e+03
5.630000000000000000e+03
5.768000000000000000e+03
5.744000000000000000e+03
5.766000000000000000e+03
5.700000000000000000e+03
5.932000000000000000e+03
5.974000000000000000e+03
5.832000000000000000e+03
5.960000000000000000e+03
6.070000000000000000e+03
5.812000000000000000e+03
5.862000000000000000e+03
5.840000000000000000e+03
5.890000000000000000e+03
5.918000000000000000e+03
5.876000000000000000e+03
5.782000000000000000e+03
5.802000000000000000e+03
5.796000000000000000e+03
5.724000000000000000e+03
5.656000000000000000e+03
5.712000000000000000e+03
5.622000000000000000e+03
5.562000000000000000e+03
5.648000000000000000e+03
5.650000000000000000e+03
5.694000000000000000e+03
5.810000000000000000e+03
5.640000000000000000e+03
5.704000000000000000e+03
5.754000000000000000e+03
5.652000000000000000e+03
5.760000000000000000e+03
5.746000000000000000e+03
5.628000000000000000e+03
5.728000000000000000e+03
5.702000000000000000e+03
5.836000000000000000e+03
5.770000000000000000e+03
5.720000000000000000e+03
5.650000000000000000e+03
5.814000000000000000e+03
5.742000000000000000e+03
5.770000000000000000e+03
5.770000000000000000e+03
5.876000000000000000e+03
5.848000000000000000e+03
5.902000000000000000e+03
5.876000000000000000e+03
5.848000000000000000e+03
5.768000000000000000e+03
5.842000000000000000e+03
5.740000000000000000e+03
5.812000000000000000e+03
5.790000000000000000e+03
5.728000000000000000e+03
5.808000000000000000e+03
5.924000000000000000e+03
5.776000000000000000e+03
5.738000000000000000e+03
5.858000000000000000e+03
5.846000000000000000e+03
5.792000000000000000e+03
5.726000000000000000e+03
5.770000000000000000e+03
5.618000000000000000e+03
5.806000000000000000e+03
6.070000000000000000e+03
5.926000000000000000e+03
5.858000000000000000e+03
5.976000000000000000e+03
6.004000000000000000e+03
5.960000000000000000e+03
6.100000000000000000e+03
6.114000000000000000e+03
6.216000000000000000e+03
6.240000000000000000e+03
6.108000000000000000e+03
6.080000000000000000e+03
6.172000000000000000e+03
6.168000000000000000e+03
6.124000000000000000e+03
6.116000000000000000e+03
6.140000000000000000e+03
6.108000000000000000e+03
6.292000000000000000e+03
6.152000000000000000e+03
6.200000000000000000e+03
6.108000000000000000e+03
6.030000000000000000e+03
6.064000000000000000e+03
6.124000000000000000e+03
5.972000000000000000e+03
6.106000000000000000e+03
6.034000000000000000e+03
6.020000000000000000e+03
6.028000000000000000e+03
6.218000000000000000e+03
6.220000000000000000e+03
6.154000000000000000e+03
6.106000000000000000e+03
6.016000000000000000e+03
6.168000000000000000e+03
5.992000000000000000e+03
6.058000000000000000e+03
6.130000000000000000e+03
6.076000000000000000e+03
6.102000000000000000e+03
6.192000000000000000e+03
6.122000000000000000e+03
6.108000000000000000e+03
6.110000000000000000e+03
6.062000000000000000e+03
6.190000000000000000e+03
6.056000000000000000e+03
6.196000000000000000e+03
6.016000000000000000e+03
6.196000000000000000e+03
6.016000000000000000e+03
6.170000000000000000e+03
6.150000000000000000e+03
6.092000000000000000e+03
6.184000000000000000e+03
6.142000000000000000e+03
6.160000000000000000e+03
6.162000000000000000e+03
6.048000000000000000e+03
6.100000000000000000e+03
6.180000000000000000e+03
6.076000000000000000e+03
6.092000000000000000e+03
6.064000000000000000e+03
6.358000000000000000e+03
6.384000000000000000e+03
6.282000000000000000e+03
6.298000000000000000e+03
6.182000000000000000e+03
6.102000000000000000e+03
6.216000000000000000e+03
6.062000000000000000e+03
6.128000000000000000e+03
6.122000000000000000e+03
6.116000000000000000e+03
6.040000000000000000e+03
6.214000000000000000e+03
6.334000000000000000e+03
6.176000000000000000e+03
6.452000000000000000e+03
6.130000000000000000e+03
6.174000000000000000e+03
6.164000000000000000e+03
5.928000000000000000e+03
6.104000000000000000e+03
6.068000000000000000e+03
6.190000000000000000e+03
6.232000000000000000e+03
6.218000000000000000e+03
6.256000000000000000e+03
6.062000000000000000e+03
6.142000000000000000e+03
6.142000000000000000e+03
6.044000000000000000e+03
6.272000000000000000e+03
6.320000000000000000e+03
6.236000000000000000e+03
6.174000000000000000e+03
6.318000000000000000e+03
6.228000000000000000e+03
6.132000000000000000e+03
6.132000000000000000e+03
6.138000000000000000e+03
6.100000000000000000e+03
6.076000000000000000e+03
6.076000000000000000e+03
6.164000000000000000e+03
6.242000000000000000e+03
6.020000000000000000e+03
6.190000000000000000e+03
6.138000000000000000e+03
6.216000000000000000e+03
6.086000000000000000e+03
6.016000000000000000e+03
6.120000000000000000e+03
6.090000000000000000e+03
6.010000000000000000e+03
6.146000000000000000e+03
6.074000000000000000e+03
6.072000000000000000e+03
6.088000000000000000e+03
6.174000000000000000e+03
6.210000000000000000e+03
6.162000000000000000e+03
6.348000000000000000e+03
6.398000000000000000e+03
6.350000000000000000e+03
6.232000000000000000e+03
6.354000000000000000e+03
6.480000000000000000e+03
6.400000000000000000e+03
6.318000000000000000e+03
6.290000000000000000e+03
6.294000000000000000e+03
6.300000000000000000e+03
6.346000000000000000e+03
6.280000000000000000e+03
6.396000000000000000e+03
6.246000000000000000e+03
6.506000000000000000e+03
6.356000000000000000e+03
6.376000000000000000e+03
6.500000000000000000e+03
6.492000000000000000e+03
6.454000000000000000e+03
6.450000000000000000e+03
6.536000000000000000e+03
6.554000000000000000e+03
6.560000000000000000e+03
6.458000000000000000e+03
6.528000000000000000e+03
6.580000000000000000e+03
6.532000000000000000e+03
6.614000000000000000e+03
6.606000000000000000e+03
6.558000000000000000e+03
6.582000000000000000e+03
6.410000000000000000e+03
6.510000000000000000e+03
7.026000000000000000e+03
6.978000000000000000e+03
6.996000000000000000e+03
7.154000000000000000e+03
7.072000000000000000e+03
7.080000000000000000e+03
7.014000000000000000e+03
7.196000000000000000e+03
7.126000000000000000e+03
7.178000000000000000e+03
7.258000000000000000e+03
7.192000000000000000e+03
7.136000000000000000e+03
7.160000000000000000e+03
7.166000000000000000e+03
7.088000000000000000e+03
7.272000000000000000e+03
7.066000000000000000e+03
7.028000000000000000e+03
6.988000000000000000e+03
7.014000000000000000e+03
7.150000000000000000e+03
7.062000000000000000e+03
7.060000000000000000e+03
7.040000000000000000e+03
6.988000000000000000e+03
7.020000000000000000e+03
7.184000000000000000e+03
7.160000000000000000e+03
7.038000000000000000e+03
7.094000000000000000e+03
7.202000000000000000e+03
7.166000000000000000e+03
7.028000000000000000e+03
6.958000000000000000e+03
7.082000000000000000e+03
7.006000000000000000e+03
7.064000000000000000e+03
7.022000000000000000e+03
7.196000000000000000e+03
7.006000000000000000e+03
7.052000000000000000e+03
6.900000000000000000e+03
7.090000000000000000e+03
7.084000000000000000e+03
7.042000000000000000e+03
7.176000000000000000e+03
7.178000000000000000e+03
7.080000000000000000e+03
7.124000000000000000e+03
6.962000000000000000e+03
7.122000000000000000e+03
7.114000000000000000e+03
7.068000000000000000e+03
7.036000000000000000e+03
7.200000000000000000e+03
7.100000000000000000e+03
7.012000000000000000e+03
7.016000000000000000e+03
6.974000000000000000e+03
6.984000000000000000e+03
7.006000000000000000e+03
6.970000000000000000e+03
7.090000000000000000e+03
6.906000000000000000e+03
6.854000000000000000e+03
7.002000000000000000e+03
7.092000000000000000e+03
7.066000000000000000e+03
6.892000000000000000e+03
6.884000000000000000e+03
6.990000000000000000e+03
7.070000000000000000e+03
6.966000000000000000e+03
6.932000000000000000e+03
6.852000000000000000e+03
6.822000000000000000e+03
7.062000000000000000e+03
6.940000000000000000e+03
7.032000000000000000e+03
7.026000000000000000e+03
6.906000000000000000e+03
6.974000000000000000e+03
6.952000000000000000e+03
7.004000000000000000e+03
7.056000000000000000e+03
7.024000000000000000e+03
7.226000000000000000e+03
7.172000000000000000e+03
7.280000000000000000e+03
7.248000000000000000e+03
7.204000000000000000e+03
7.196000000000000000e+03
7.066000000000000000e+03
7.150000000000000000e+03
6.924000000000000000e+03
7.060000000000000000e+03
7.022000000000000000e+03
7.096000000000000000e+03
7.150000000000000000e+03
7.402000000000000000e+03
7.194000000000000000e+03
7.178000000000000000e+03
7.410000000000000000e+03
7.368000000000000000e+03
7.336000000000000000e+03
7.336000000000000000e+03
7.126000000000000000e+03
7.404000000000000000e+03
7.308000000000000000e+03
7.294000000000000000e+03
7.484000000000000000e+03
7.484000000000000000e+03
7.484000000000000000e+03
7.400000000000000000e+03
7.560000000000000000e+03
7.504000000000000000e+03
7.372000000000000000e+03
7.304000000000000000e+03
7.464000000000000000e+03
7.344000000000000000e+03
7.432000000000000000e+03
7.348000000000000000e+03
7.264000000000000000e+03
7.304000000000000000e+03
7.234000000000000000e+03
7.280000000000000000e+03
7.326000000000000000e+03
7.256000000000000000e+03
7.226000000000000000e+03
7.258000000000000000e+03
7.296000000000000000e+03
7.218000000000000000e+03
7.254000000000000000e+03
7.132000000000000000e+03
7.162000000000000000e+03
7.354000000000000000e+03
7.252000000000000000e+03
7.170000000000000000e+03
7.118000000000000000e+03
7.390000000000000000e+03
7.330000000000000000e+03
7.136000000000000000e+03
7.266000000000000000e+03
7.236000000000000000e+03
7.238000000000000000e+03
7.080000000000000000e+03
7.390000000000000000e+03
7.004000000000000000e+03
7.170000000000000000e+03
7.396000000000000000e+03
7.324000000000000000e+03
7.160000000000000000e+03
7.080000000000000000e+03
7.252000000000000000e+03
7.072000000000000000e+03
6.986000000000000000e+03
7.056000000000000000e+03
7.158000000000000000e+03
7.272000000000000000e+03
7.104000000000000000e+03
7.144000000000000000e+03
7.242000000000000000e+03
7.314000000000000000e+03
7.408000000000000000e+03
7.370000000000000000e+03
7.282000000000000000e+03
7.322000000000000000e+03
7.292000000000000000e+03
7.580000000000000000e+03
7.438000000000000000e+03
7.358000000000000000e+03
7.288000000000000000e+03
7.230000000000000000e+03
7.510000000000000000e+03
7.294000000000000000e+03
7.262000000000000000e+03
7.392000000000000000e+03
7.526000000000000000e+03
7.526000000000000000e+03
7.486000000000000000e+03
7.414000000000000000e+03
7.518000000000000000e+03
7.420000000000000000e+03
7.450000000000000000e+03
7.280000000000000000e+03
7.344000000000000000e+03
7.410000000000000000e+03
7.420000000000000000e+03
7.538000000000000000e+03
7.298000000000000000e+03
7.314000000000000000e+03
7.490000000000000000e+03
7.408000000000000000e+03
7.390000000000000000e+03
7.368000000000000000e+03
7.360000000000000000e+03
7.510000000000000000e+03
7.398000000000000000e+03
7.318000000000000000e+03
7.434000000000000000e+03
7.554000000000000000e+03
7.374000000000000000e+03
7.248000000000000000e+03
7.246000000000000000e+03
7.204000000000000000e+03
7.278000000000000000e+03
7.454000000000000000e+03
7.446000000000000000e+03
7.386000000000000000e+03
7.358000000000000000e+03
7.584000000000000000e+03
7.374000000000000000e+03
7.272000000000000000e+03
7.338000000000000000e+03
7.398000000000000000e+03
7.490000000000000000e+03
7.500000000000000000e+03
7.604000000000000000e+03
7.598000000000000000e+03
7.684000000000000000e+03
7.572000000000000000e+03
7.540000000000000000e+03
7.430000000000000000e+03
7.502000000000000000e+03
7.598000000000000000e+03
7.590000000000000000e+03
7.698000000000000000e+03
7.588000000000000000e+03
7.570000000000000000e+03
7.582000000000000000e+03
7.384000000000000000e+03
7.432000000000000000e+03
7.512000000000000000e+03
7.460000000000000000e+03
7.484000000000000000e+03
7.428000000000000000e+03
7.382000000000000000e+03
7.504000000000000000e+03
7.358000000000000000e+03
7.382000000000000000e+03
7.634000000000000000e+03
7.376000000000000000e+03
7.380000000000000000e+03
7.484000000000000000e+03
7.472000000000000000e+03
7.510000000000000000e+03
7.492000000000000000e+03
7.516000000000000000e+03
7.480000000000000000e+03
7.460000000000000000e+03
7.688000000000000000e+03
7.730000000000000000e+03
7.550000000000000000e+03
7.458000000000000000e+03
7.322000000000000000e+03
7.510000000000000000e+03
7.498000000000000000e+03
7.408000000000000000e+03
7.316000000000000000e+03
7.440000000000000000e+03
7.316000000000000000e+03
7.372000000000000000e+03
7.490000000000000000e+03
7.412000000000000000e+03
7.238000000000000000e+03
7.228000000000000000e+03
7.218000000000000000e+03
7.304000000000000000e+03
7.468000000000000000e+03
7.494000000000000000e+03
7.588000000000000000e+03
7.522000000000000000e+03
7.598000000000000000e+03
7.510000000000000000e+03
7.426000000000000000e+03
7.408000000000000000e+03
7.430000000000000000e+03
7.394000000000000000e+03
7.360000000000000000e+03
7.336000000000000000e+03
7.456000000000000000e+03
7.434000000000000000e+03
7.474000000000000000e+03
7.418000000000000000e+03
7.304000000000000000e+03
7.338000000000000000e+03
7.406000000000000000e+03
7.368000000000000000e+03
7.292000000000000000e+03
7.400000000000000000e+03
7.350000000000000000e+03
7.458000000000000000e+03
7.408000000000000000e+03
7.332000000000000000e+03
7.500000000000000000e+03
7.332000000000000000e+03
7.434000000000000000e+03
7.490000000000000000e+03
7.396000000000000000e+03
7.346000000000000000e+03
7.486000000000000000e+03
7.394000000000000000e+03
7.420000000000000000e+03
7.280000000000000000e+03
7.474000000000000000e+03
7.468000000000000000e+03
7.452000000000000000e+03
7.428000000000000000e+03
7.370000000000000000e+03
7.300000000000000000e+03
7.412000000000000000e+03
7.440000000000000000e+03
7.522000000000000000e+03
7.500000000000000000e+03
7.430000000000000000e+03
7.350000000000000000e+03
7.350000000000000000e+03
7.462000000000000000e+03
7.514000000000000000e+03
7.290000000000000000e+03
7.304000000000000000e+03
7.284000000000000000e+03
7.258000000000000000e+03
7.274000000000000000e+03
7.314000000000000000e+03
7.306000000000000000e+03
7.170000000000000000e+03
7.378000000000000000e+03
7.330000000000000000e+03
7.430000000000000000e+03
7.488000000000000000e+03
7.270000000000000000e+03
7.068000000000000000e+03
7.072000000000000000e+03
7.318000000000000000e+03
7.426000000000000000e+03
7.320000000000000000e+03
7.282000000000000000e+03
7.182000000000000000e+03
7.232000000000000000e+03
7.270000000000000000e+03
7.150000000000000000e+03
7.094000000000000000e+03
7.118000000000000000e+03
7.380000000000000000e+03
7.214000000000000000e+03
7.360000000000000000e+03
7.368000000000000000e+03
7.208000000000000000e+03
7.246000000000000000e+03
6.710000000000000000e+03
6.588000000000000000e+03
6.582000000000000000e+03
6.606000000000000000e+03
6.680000000000000000e+03
6.766000000000000000e+03
6.830000000000000000e+03
6.824000000000000000e+03
6.658000000000000000e+03
6.770000000000000000e+03
6.860000000000000000e+03
6.818000000000000000e+03
6.634000000000000000e+03
6.686000000000000000e+03
6.644000000000000000e+03
6.754000000000000000e+03
6.606000000000000000e+03
6.638000000000000000e+03
6.702000000000000000e+03
6.650000000000000000e+03
6.910000000000000000e+03
6.684000000000000000e+03
6.914000000000000000e+03
6.676000000000000000e+03
6.622000000000000000e+03
6.816000000000000000e+03
6.714000000000000000e+03
6.728000000000000000e+03
6.816000000000000000e+03
6.806000000000000000e+03
6.896000000000000000e+03
6.960000000000000000e+03
6.812000000000000000e+03
6.866000000000000000e+03
6.844000000000000000e+03
6.920000000000000000e+03
6.806000000000000000e+03
6.856000000000000000e+03
6.830000000000000000e+03
6.906000000000000000e+03
6.928000000000000000e+03
6.828000000000000000e+03
6.822000000000000000e+03
6.672000000000000000e+03
6.734000000000000000e+03
6.722000000000000000e+03
6.884000000000000000e+03
6.862000000000000000e+03
6.776000000000000000e+03
6.804000000000000000e+03
6.884000000000000000e+03
6.776000000000000000e+03
6.890000000000000000e+03
6.678000000000000000e+03
6.662000000000000000e+03
6.528000000000000000e+03
6.650000000000000000e+03
6.610000000000000000e+03
6.724000000000000000e+03
6.754000000000000000e+03
6.586000000000000000e+03
6.638000000000000000e+03
6.634000000000000000e+03
6.618000000000000000e+03
6.540000000000000000e+03
6.678000000000000000e+03
6.806000000000000000e+03
6.690000000000000000e+03
6.754000000000000000e+03
6.752000000000000000e+03
6.822000000000000000e+03
6.884000000000000000e+03
6.682000000000000000e+03
6.690000000000000000e+03
6.810000000000000000e+03
6.820000000000000000e+03
6.686000000000000000e+03
6.724000000000000000e+03
6.728000000000000000e+03
6.760000000000000000e+03
6.792000000000000000e+03
6.910000000000000000e+03
6.824000000000000000e+03
6.940000000000000000e+03
6.932000000000000000e+03
6.756000000000000000e+03
6.966000000000000000e+03
6.724000000000000000e+03
6.900000000000000000e+03
6.850000000000000000e+03
6.948000000000000000e+03
6.690000000000000000e+03
6.806000000000000000e+03
6.726000000000000000e+03
6.890000000000000000e+03
6.748000000000000000e+03
7.080000000000000000e+03
6.874000000000000000e+03
6.790000000000000000e+03
6.878000000000000000e+03
6.862000000000000000e+03
6.992000000000000000e+03
6.810000000000000000e+03
6.814000000000000000e+03
6.970000000000000000e+03
6.830000000000000000e+03
6.668000000000000000e+03
6.638000000000000000e+03
6.904000000000000000e+03
6.702000000000000000e+03
6.690000000000000000e+03
6.568000000000000000e+03
6.702000000000000000e+03
6.556000000000000000e+03
6.450000000000000000e+03
6.366000000000000000e+03
6.528000000000000000e+03
6.570000000000000000e+03
6.474000000000000000e+03
6.846000000000000000e+03
6.862000000000000000e+03
6.680000000000000000e+03
6.752000000000000000e+03
6.804000000000000000e+03
6.862000000000000000e+03
6.776000000000000000e+03
6.784000000000000000e+03
6.934000000000000000e+03
6.898000000000000000e+03
6.938000000000000000e+03
6.838000000000000000e+03
6.558000000000000000e+03
6.798000000000000000e+03
6.870000000000000000e+03
6.792000000000000000e+03
6.768000000000000000e+03
6.764000000000000000e+03
6.742000000000000000e+03
6.666000000000000000e+03
6.828000000000000000e+03
6.922000000000000000e+03
6.736000000000000000e+03
6.836000000000000000e+03
7.014000000000000000e+03
6.986000000000000000e+03
6.810000000000000000e+03
7.182000000000000000e+03
7.022000000000000000e+03
7.014000000000000000e+03
7.022000000000000000e+03
6.952000000000000000e+03
6.960000000000000000e+03
7.028000000000000000e+03
6.866000000000000000e+03
7.134000000000000000e+03
6.928000000000000000e+03
6.846000000000000000e+03
6.754000000000000000e+03
6.748000000000000000e+03
6.690000000000000000e+03
6.862000000000000000e+03
6.694000000000000000e+03
6.566000000000000000e+03
6.680000000000000000e+03
6.748000000000000000e+03
6.682000000000000000e+03
6.888000000000000000e+03
6.762000000000000000e+03
6.804000000000000000e+03
6.930000000000000000e+03
7.028000000000000000e+03
7.096000000000000000e+03
7.048000000000000000e+03
6.978000000000000000e+03
7.004000000000000000e+03
7.192000000000000000e+03
7.100000000000000000e+03
7.014000000000000000e+03
6.978000000000000000e+03
6.938000000000000000e+03
6.962000000000000000e+03
6.894000000000000000e+03
6.976000000000000000e+03
6.954000000000000000e+03
6.800000000000000000e+03
7.020000000000000000e+03
6.656000000000000000e+03
6.750000000000000000e+03
6.644000000000000000e+03
6.674000000000000000e+03
6.846000000000000000e+03
6.722000000000000000e+03
6.874000000000000000e+03
6.828000000000000000e+03
6.772000000000000000e+03
6.592000000000000000e+03
6.722000000000000000e+03
6.862000000000000000e+03
6.744000000000000000e+03
6.702000000000000000e+03
6.754000000000000000e+03
6.748000000000000000e+03
6.642000000000000000e+03
6.620000000000000000e+03
6.570000000000000000e+03
6.626000000000000000e+03
6.848000000000000000e+03
6.976000000000000000e+03
6.906000000000000000e+03
7.056000000000000000e+03
6.994000000000000000e+03
7.064000000000000000e+03
6.710000000000000000e+03
6.836000000000000000e+03
6.906000000000000000e+03
6.878000000000000000e+03
7.016000000000000000e+03
6.944000000000000000e+03
6.824000000000000000e+03
6.810000000000000000e+03
6.838000000000000000e+03
6.854000000000000000e+03
6.862000000000000000e+03
6.670000000000000000e+03
6.906000000000000000e+03
6.752000000000000000e+03
6.806000000000000000e+03
6.838000000000000000e+03
6.846000000000000000e+03
6.682000000000000000e+03
6.780000000000000000e+03
6.682000000000000000e+03
6.910000000000000000e+03
6.542000000000000000e+03
7.028000000000000000e+03
6.994000000000000000e+03
6.852000000000000000e+03
6.892000000000000000e+03
6.832000000000000000e+03
7.000000000000000000e+03
7.104000000000000000e+03
6.980000000000000000e+03
6.932000000000000000e+03
6.960000000000000000e+03
7.044000000000000000e+03
7.060000000000000000e+03
7.148000000000000000e+03
7.170000000000000000e+03
7.122000000000000000e+03
7.176000000000000000e+03
7.206000000000000000e+03
7.282000000000000000e+03
7.270000000000000000e+03
7.276000000000000000e+03
7.270000000000000000e+03
7.352000000000000000e+03
7.448000000000000000e+03
7.194000000000000000e+03
7.252000000000000000e+03
7.268000000000000000e+03
7.448000000000000000e+03
7.216000000000000000e+03
7.134000000000000000e+03
7.082000000000000000e+03
7.050000000000000000e+03
7.010000000000000000e+03
6.860000000000000000e+03
6.818000000000000000e+03
7.036000000000000000e+03
7.100000000000000000e+03
7.210000000000000000e+03
7.420000000000000000e+03
7.260000000000000000e+03
7.236000000000000000e+03
7.250000000000000000e+03
7.216000000000000000e+03
7.048000000000000000e+03
7.192000000000000000e+03
7.208000000000000000e+03
7.330000000000000000e+03
7.094000000000000000e+03
7.104000000000000000e+03
7.270000000000000000e+03
7.268000000000000000e+03
7.302000000000000000e+03
7.268000000000000000e+03
7.336000000000000000e+03
7.266000000000000000e+03
7.212000000000000000e+03
7.232000000000000000e+03
7.140000000000000000e+03
7.158000000000000000e+03
7.154000000000000000e+03
7.036000000000000000e+03
7.294000000000000000e+03
7.154000000000000000e+03
7.266000000000000000e+03
7.096000000000000000e+03
7.138000000000000000e+03
7.248000000000000000e+03
7.260000000000000000e+03
7.326000000000000000e+03
7.228000000000000000e+03
7.440000000000000000e+03
7.368000000000000000e+03
7.324000000000000000e+03
7.204000000000000000e+03
7.202000000000000000e+03
7.300000000000000000e+03
7.508000000000000000e+03
7.490000000000000000e+03
7.698000000000000000e+03
7.242000000000000000e+03
7.248000000000000000e+03
7.432000000000000000e+03
7.270000000000000000e+03
7.284000000000000000e+03
7.420000000000000000e+03
7.306000000000000000e+03
7.244000000000000000e+03
7.094000000000000000e+03
7.352000000000000000e+03
7.386000000000000000e+03
7.448000000000000000e+03
7.394000000000000000e+03
7.366000000000000000e+03
7.508000000000000000e+03
7.342000000000000000e+03
7.436000000000000000e+03
7.694000000000000000e+03
7.448000000000000000e+03
7.464000000000000000e+03
7.276000000000000000e+03
7.112000000000000000e+03
7.128000000000000000e+03
7.306000000000000000e+03
7.306000000000000000e+03
7.478000000000000000e+03
7.376000000000000000e+03
7.564000000000000000e+03
7.324000000000000000e+03
7.456000000000000000e+03
7.212000000000000000e+03
7.172000000000000000e+03
7.174000000000000000e+03
7.094000000000000000e+03
7.226000000000000000e+03
7.264000000000000000e+03
7.038000000000000000e+03
7.106000000000000000e+03
7.116000000000000000e+03
7.034000000000000000e+03
7.102000000000000000e+03
7.114000000000000000e+03
7.070000000000000000e+03
7.288000000000000000e+03
7.076000000000000000e+03
7.238000000000000000e+03
6.978000000000000000e+03
7.196000000000000000e+03
7.222000000000000000e+03
7.216000000000000000e+03
7.224000000000000000e+03
7.272000000000000000e+03
7.402000000000000000e+03
7.314000000000000000e+03
7.438000000000000000e+03
7.378000000000000000e+03
7.336000000000000000e+03
7.308000000000000000e+03
7.122000000000000000e+03
7.152000000000000000e+03
7.242000000000000000e+03
7.130000000000000000e+03
7.120000000000000000e+03
7.250000000000000000e+03
7.162000000000000000e+03
7.410000000000000000e+03
7.386000000000000000e+03
7.494000000000000000e+03
7.550000000000000000e+03
7.520000000000000000e+03
7.418000000000000000e+03
7.450000000000000000e+03
7.616000000000000000e+03
7.586000000000000000e+03
7.562000000000000000e+03
7.376000000000000000e+03
7.560000000000000000e+03
7.390000000000000000e+03
7.506000000000000000e+03
7.594000000000000000e+03
7.440000000000000000e+03
7.526000000000000000e+03
7.508000000000000000e+03
7.450000000000000000e+03
7.530000000000000000e+03
7.326000000000000000e+03
7.436000000000000000e+03
7.630000000000000000e+03
7.458000000000000000e+03
7.636000000000000000e+03
7.452000000000000000e+03
7.442000000000000000e+03
7.450000000000000000e+03
7.394000000000000000e+03
7.554000000000000000e+03
7.534000000000000000e+03
7.494000000000000000e+03
7.542000000000000000e+03
7.394000000000000000e+03
7.420000000000000000e+03
7.402000000000000000e+03
7.560000000000000000e+03
7.524000000000000000e+03
7.614000000000000000e+03
7.542000000000000000e+03
7.394000000000000000e+03
7.528000000000000000e+03
7.356000000000000000e+03
7.404000000000000000e+03
7.494000000000000000e+03
7.422000000000000000e+03
7.208000000000000000e+03
7.280000000000000000e+03
7.424000000000000000e+03
7.566000000000000000e+03
7.534000000000000000e+03
7.566000000000000000e+03
7.678000000000000000e+03
7.704000000000000000e+03
