4.394000000000000000e+03
4.379000000000000000e+03
4.240000000000000000e+03
4.205000000000000000e+03
4.205000000000000000e+03
4.252000000000000000e+03
4.333000000000000000e+03
4.193000000000000000e+03
4.404000000000000000e+03
4.427000000000000000e+03
4.510000000000000000e+03
4.430000000000000000e+03
4.199000000000000000e+03
4.258000000000000000e+03
4.408000000000000000e+03
4.352000000000000000e+03
4.320000000000000000e+03
4.234000000000000000e+03
4.330000000000000000e+03
4.265000000000000000e+03
4.373000000000000000e+03
4.379000000000000000e+03
4.233000000000000000e+03
4.142000000000000000e+03
4.156000000000000000e+03
4.263000000000000000e+03
4.364000000000000000e+03
4.202000000000000000e+03
4.465000000000000000e+03
4.384000000000000000e+03
4.190000000000000000e+03
4.356000000000000000e+03
4.209000000000000000e+03
4.114000000000000000e+03
4.178000000000000000e+03
4.372000000000000000e+03
4.218000000000000000e+03
4.361000000000000000e+03
4.415000000000000000e+03
4.492000000000000000e+03
4.356000000000000000e+03
4.380000000000000000e+03
4.462000000000000000e+03
4.335000000000000000e+03
4.453000000000000000e+03
4.263000000000000000e+03
4.290000000000000000e+03
4.242000000000000000e+03
4.345000000000000000e+03
4.379000000000000000e+03
4.384000000000000000e+03
4.340000000000000000e+03
4.379000000000000000e+03
4.361000000000000000e+03
4.372000000000000000e+03
4.433000000000000000e+03
4.420000000000000000e+03
4.516000000000000000e+03
4.526000000000000000e+03
4.473000000000000000e+03
4.620000000000000000e+03
4.496000000000000000e+03
4.266000000000000000e+03
4.409000000000000000e+03
4.557000000000000000e+03
4.342000000000000000e+03
4.306000000000000000e+03
4.173000000000000000e+03
4.225000000000000000e+03
4.274000000000000000e+03
4.212000000000000000e+03
4.416000000000000000e+03
4.418000000000000000e+03
4.265000000000000000e+03
4.583000000000000000e+03
4.354000000000000000e+03
4.423000000000000000e+03
4.464000000000000000e+03
4.512000000000000000e+03
4.402000000000000000e+03
4.430000000000000000e+03
4.347000000000000000e+03
4.400000000000000000e+03
4.363000000000000000e+03
4.398000000000000000e+03
4.506000000000000000e+03
4.548000000000000000e+03
4.443000000000000000e+03
4.474000000000000000e+03
4.374000000000000000e+03
4.372000000000000000e+03
4.179000000000000000e+03
4.311000000000000000e+03
4.300000000000000000e+03
4.412000000000000000e+03
4.217000000000000000e+03
4.328000000000000000e+03
4.287000000000000000e+03
4.228000000000000000e+03
4.298000000000000000e+03
4.305000000000000000e+03
4.054000000000000000e+03
3.904000000000000000e+03
4.030000000000000000e+03
3.976000000000000000e+03
4.045000000000000000e+03
4.095000000000000000e+03
4.005000000000000000e+03
3.992000000000000000e+03
3.875000000000000000e+03
3.897000000000000000e+03
3.994000000000000000e+03
4.079000000000000000e+03
3.878000000000000000e+03
3.870000000000000000e+03
3.924000000000000000e+03
3.869000000000000000e+03
3.980000000000000000e+03
3.924000000000000000e+03
3.729000000000000000e+03
3.909000000000000000e+03
3.949000000000000000e+03
3.853000000000000000e+03
3.994000000000000000e+03
3.976000000000000000e+03
3.885000000000000000e+03
3.874000000000000000e+03
3.815000000000000000e+03
3.756000000000000000e+03
3.699000000000000000e+03
3.808000000000000000e+03
3.815000000000000000e+03
3.962000000000000000e+03
3.778000000000000000e+03
3.918000000000000000e+03
3.909000000000000000e+03
3.804000000000000000e+03
3.799000000000000000e+03
3.849000000000000000e+03
3.842000000000000000e+03
3.860000000000000000e+03
3.914000000000000000e+03
3.951000000000000000e+03
3.747000000000000000e+03
4.043000000000000000e+03
4.094000000000000000e+03
3.937000000000000000e+03
3.824000000000000000e+03
3.725000000000000000e+03
3.826000000000000000e+03
3.824000000000000000e+03
3.845000000000000000e+03
3.702000000000000000e+03
3.689000000000000000e+03
3.525000000000000000e+03
3.574000000000000000e+03
3.347000000000000000e+03
3.583000000000000000e+03
3.461000000000000000e+03
3.650000000000000000e+03
3.651000000000000000e+03
3.545000000000000000e+03
3.601000000000000000e+03
3.596000000000000000e+03
3.624000000000000000e+03
3.721000000000000000e+03
3.747000000000000000e+03
3.676000000000000000e+03
3.704000000000000000e+03
3.701000000000000000e+03
3.744000000000000000e+03
3.774000000000000000e+03
3.700000000000000000e+03
3.679000000000000000e+03
3.849000000000000000e+03
3.682000000000000000e+03
3.681000000000000000e+03
3.634000000000000000e+03
3.848000000000000000e+03
3.864000000000000000e+03
3.902000000000000000e+03
3.894000000000000000e+03
3.985000000000000000e+03
3.988000000000000000e+03
3.967000000000000000e+03
3.816000000000000000e+03
3.822000000000000000e+03
3.867000000000000000e+03
3.839000000000000000e+03
3.851000000000000000e+03
3.738000000000000000e+03
3.754000000000000000e+03
3.766000000000000000e+03
3.633000000000000000e+03
3.702000000000000000e+03
3.480000000000000000e+03
3.632000000000000000e+03
3.468000000000000000e+03
3.628000000000000000e+03
3.505000000000000000e+03
3.560000000000000000e+03
3.348000000000000000e+03
3.446000000000000000e+03
3.302000000000000000e+03
3.411000000000000000e+03
3.275000000000000000e+03
3.315000000000000000e+03
3.395000000000000000e+03
3.556000000000000000e+03
3.287000000000000000e+03
3.351000000000000000e+03
3.531000000000000000e+03
3.476000000000000000e+03
3.530000000000000000e+03
3.390000000000000000e+03
3.424000000000000000e+03
3.412000000000000000e+03
3.519000000000000000e+03
3.536000000000000000e+03
3.571000000000000000e+03
3.581000000000000000e+03
3.544000000000000000e+03
3.538000000000000000e+03
3.663000000000000000e+03
3.568000000000000000e+03
3.563000000000000000e+03
3.583000000000000000e+03
3.485000000000000000e+03
3.387000000000000000e+03
3.446000000000000000e+03
3.442000000000000000e+03
3.514000000000000000e+03
3.511000000000000000e+03
3.378000000000000000e+03
3.430000000000000000e+03
3.434000000000000000e+03
3.536000000000000000e+03
3.550000000000000000e+03
3.681000000000000000e+03
3.611000000000000000e+03
3.709000000000000000e+03
3.679000000000000000e+03
3.633000000000000000e+03
3.595000000000000000e+03
3.557000000000000000e+03
3.710000000000000000e+03
3.566000000000000000e+03
3.573000000000000000e+03
3.586000000000000000e+03
3.584000000000000000e+03
3.424000000000000000e+03
3.409000000000000000e+03
3.441000000000000000e+03
3.405000000000000000e+03
3.454000000000000000e+03
3.476000000000000000e+03
3.578000000000000000e+03
3.566000000000000000e+03
3.572000000000000000e+03
3.540000000000000000e+03
3.581000000000000000e+03
3.554000000000000000e+03
3.599000000000000000e+03
3.555000000000000000e+03
3.498000000000000000e+03
3.522000000000000000e+03
3.463000000000000000e+03
3.553000000000000000e+03
3.436000000000000000e+03
3.576000000000000000e+03
3.566000000000000000e+03
3.588000000000000000e+03
3.497000000000000000e+03
3.439000000000000000e+03
3.458000000000000000e+03
3.504000000000000000e+03
3.539000000000000000e+03
3.561000000000000000e+03
3.411000000000000000e+03
3.471000000000000000e+03
3.403000000000000000e+03
3.462000000000000000e+03
3.477000000000000000e+03
3.424000000000000000e+03
3.441000000000000000e+03
3.525000000000000000e+03
3.429000000000000000e+03
3.513000000000000000e+03
3.671000000000000000e+03
3.431000000000000000e+03
3.571000000000000000e+03
3.586000000000000000e+03
3.699000000000000000e+03
3.687000000000000000e+03
3.577000000000000000e+03
3.564000000000000000e+03
3.523000000000000000e+03
3.564000000000000000e+03
3.573000000000000000e+03
3.521000000000000000e+03
3.461000000000000000e+03
3.321000000000000000e+03
3.451000000000000000e+03
3.706000000000000000e+03
3.729000000000000000e+03
3.606000000000000000e+03
3.641000000000000000e+03
3.717000000000000000e+03
3.753000000000000000e+03
3.765000000000000000e+03
3.618000000000000000e+03
3.476000000000000000e+03
3.595000000000000000e+03
3.524000000000000000e+03
3.406000000000000000e+03
3.348000000000000000e+03
3.412000000000000000e+03
3.425000000000000000e+03
3.537000000000000000e+03
3.647000000000000000e+03
3.525000000000000000e+03
3.450000000000000000e+03
3.585000000000000000e+03
3.580000000000000000e+03
3.452000000000000000e+03
3.483000000000000000e+03
3.436000000000000000e+03
3.551000000000000000e+03
3.652000000000000000e+03
3.506000000000000000e+03
3.441000000000000000e+03
3.445000000000000000e+03
3.534000000000000000e+03
3.478000000000000000e+03
3.457000000000000000e+03
3.411000000000000000e+03
3.420000000000000000e+03
3.409000000000000000e+03
3.351000000000000000e+03
3.397000000000000000e+03
3.387000000000000000e+03
3.356000000000000000e+03
3.255000000000000000e+03
3.395000000000000000e+03
3.602000000000000000e+03
3.452000000000000000e+03
3.442000000000000000e+03
3.520000000000000000e+03
3.498000000000000000e+03
3.526000000000000000e+03
3.440000000000000000e+03
3.644000000000000000e+03
3.568000000000000000e+03
3.412000000000000000e+03
3.405000000000000000e+03
3.455000000000000000e+03
3.543000000000000000e+03
3.475000000000000000e+03
3.430000000000000000e+03
3.537000000000000000e+03
3.585000000000000000e+03
3.357000000000000000e+03
3.529000000000000000e+03
3.544000000000000000e+03
3.452000000000000000e+03
3.418000000000000000e+03
3.543000000000000000e+03
3.596000000000000000e+03
3.423000000000000000e+03
3.707000000000000000e+03
3.629000000000000000e+03
3.458000000000000000e+03
3.540000000000000000e+03
3.602000000000000000e+03
3.552000000000000000e+03
3.515000000000000000e+03
3.501000000000000000e+03
3.477000000000000000e+03
3.523000000000000000e+03
3.601000000000000000e+03
3.582000000000000000e+03
3.461000000000000000e+03
3.486000000000000000e+03
3.543000000000000000e+03
3.571000000000000000e+03
3.599000000000000000e+03
3.514000000000000000e+03
3.570000000000000000e+03
3.742000000000000000e+03
3.641000000000000000e+03
3.685000000000000000e+03
3.671000000000000000e+03
3.726000000000000000e+03
3.646000000000000000e+03
3.596000000000000000e+03
3.566000000000000000e+03
3.674000000000000000e+03
3.498000000000000000e+03
3.555000000000000000e+03
3.535000000000000000e+03
3.682000000000000000e+03
3.496000000000000000e+03
3.473000000000000000e+03
3.679000000000000000e+03
3.791000000000000000e+03
3.552000000000000000e+03
3.627000000000000000e+03
3.723000000000000000e+03
3.781000000000000000e+03
3.762000000000000000e+03
3.845000000000000000e+03
3.942000000000000000e+03
3.666000000000000000e+03
3.639000000000000000e+03
3.710000000000000000e+03
3.627000000000000000e+03
3.620000000000000000e+03
3.651000000000000000e+03
3.569000000000000000e+03
3.570000000000000000e+03
3.584000000000000000e+03
3.554000000000000000e+03
3.614000000000000000e+03
3.556000000000000000e+03
3.618000000000000000e+03
3.646000000000000000e+03
3.506000000000000000e+03
3.601000000000000000e+03
3.568000000000000000e+03
3.487000000000000000e+03
3.601000000000000000e+03
3.519000000000000000e+03
3.489000000000000000e+03
3.556000000000000000e+03
3.431000000000000000e+03
3.534000000000000000e+03
3.635000000000000000e+03
3.590000000000000000e+03
3.709000000000000000e+03
3.565000000000000000e+03
3.710000000000000000e+03
3.490000000000000000e+03
3.583000000000000000e+03
3.496000000000000000e+03
3.383000000000000000e+03
3.442000000000000000e+03
3.579000000000000000e+03
3.550000000000000000e+03
3.483000000000000000e+03
3.489000000000000000e+03
3.532000000000000000e+03
3.552000000000000000e+03
3.439000000000000000e+03
3.528000000000000000e+03
3.548000000000000000e+03
3.529000000000000000e+03
3.716000000000000000e+03
3.557000000000000000e+03
3.442000000000000000e+03
3.513000000000000000e+03
3.512000000000000000e+03
3.372000000000000000e+03
3.403000000000000000e+03
3.316000000000000000e+03
3.529000000000000000e+03
3.520000000000000000e+03
3.591000000000000000e+03
3.447000000000000000e+03
3.477000000000000000e+03
3.449000000000000000e+03
3.531000000000000000e+03
3.409000000000000000e+03
3.273000000000000000e+03
3.186000000000000000e+03
3.191000000000000000e+03
3.240000000000000000e+03
3.301000000000000000e+03
3.379000000000000000e+03
3.429000000000000000e+03
3.413000000000000000e+03
3.358000000000000000e+03
3.268000000000000000e+03
3.185000000000000000e+03
3.352000000000000000e+03
3.369000000000000000e+03
3.357000000000000000e+03
3.402000000000000000e+03
3.421000000000000000e+03
3.296000000000000000e+03
3.230000000000000000e+03
3.475000000000000000e+03
3.299000000000000000e+03
3.281000000000000000e+03
3.362000000000000000e+03
3.358000000000000000e+03
3.378000000000000000e+03
3.294000000000000000e+03
3.310000000000000000e+03
3.399000000000000000e+03
3.442000000000000000e+03
3.487000000000000000e+03
3.509000000000000000e+03
3.645000000000000000e+03
3.359000000000000000e+03
3.506000000000000000e+03
3.592000000000000000e+03
3.691000000000000000e+03
3.532000000000000000e+03
3.649000000000000000e+03
3.644000000000000000e+03
3.638000000000000000e+03
3.595000000000000000e+03
3.430000000000000000e+03
3.751000000000000000e+03
3.490000000000000000e+03
3.646000000000000000e+03
3.785000000000000000e+03
3.732000000000000000e+03
3.703000000000000000e+03
3.650000000000000000e+03
3.764000000000000000e+03
3.801000000000000000e+03
3.635000000000000000e+03
3.787000000000000000e+03
3.772000000000000000e+03
3.493000000000000000e+03
3.698000000000000000e+03
3.643000000000000000e+03
3.665000000000000000e+03
3.669000000000000000e+03
3.609000000000000000e+03
3.734000000000000000e+03
3.688000000000000000e+03
3.740000000000000000e+03
3.755000000000000000e+03
3.764000000000000000e+03
3.660000000000000000e+03
3.660000000000000000e+03
3.562000000000000000e+03
3.577000000000000000e+03
3.547000000000000000e+03
3.622000000000000000e+03
3.534000000000000000e+03
3.563000000000000000e+03
3.436000000000000000e+03
3.416000000000000000e+03
3.409000000000000000e+03
3.364000000000000000e+03
3.321000000000000000e+03
3.379000000000000000e+03
3.343000000000000000e+03
3.336000000000000000e+03
3.406000000000000000e+03
3.306000000000000000e+03
3.398000000000000000e+03
3.414000000000000000e+03
3.508000000000000000e+03
3.603000000000000000e+03
3.487000000000000000e+03
3.518000000000000000e+03
3.508000000000000000e+03
3.554000000000000000e+03
4.290000000000000000e+03
4.318000000000000000e+03
4.176000000000000000e+03
4.288000000000000000e+03
4.284000000000000000e+03
4.295000000000000000e+03
4.345000000000000000e+03
4.367000000000000000e+03
4.359000000000000000e+03
4.222000000000000000e+03
4.241000000000000000e+03
4.428000000000000000e+03
4.235000000000000000e+03
4.260000000000000000e+03
4.206000000000000000e+03
4.175000000000000000e+03
4.274000000000000000e+03
4.311000000000000000e+03
4.432000000000000000e+03
4.305000000000000000e+03
4.261000000000000000e+03
4.222000000000000000e+03
4.193000000000000000e+03
4.288000000000000000e+03
4.260000000000000000e+03
4.295000000000000000e+03
4.405000000000000000e+03
4.318000000000000000e+03
4.107000000000000000e+03
4.263000000000000000e+03
4.243000000000000000e+03
4.240000000000000000e+03
4.199000000000000000e+03
4.242000000000000000e+03
4.319000000000000000e+03
4.340000000000000000e+03
4.341000000000000000e+03
4.377000000000000000e+03
4.532000000000000000e+03
4.506000000000000000e+03
4.413000000000000000e+03
4.383000000000000000e+03
4.310000000000000000e+03
4.412000000000000000e+03
4.459000000000000000e+03
4.290000000000000000e+03
4.406000000000000000e+03
4.358000000000000000e+03
4.384000000000000000e+03
4.393000000000000000e+03
4.381000000000000000e+03
4.371000000000000000e+03
4.163000000000000000e+03
4.161000000000000000e+03
4.120000000000000000e+03
4.136000000000000000e+03
4.161000000000000000e+03
4.181000000000000000e+03
4.081000000000000000e+03
3.970000000000000000e+03
4.050000000000000000e+03
4.055000000000000000e+03
4.011000000000000000e+03
3.970000000000000000e+03
3.956000000000000000e+03
4.034000000000000000e+03
4.081000000000000000e+03
4.092000000000000000e+03
4.017000000000000000e+03
4.167000000000000000e+03
4.146000000000000000e+03
4.096000000000000000e+03
4.234000000000000000e+03
4.212000000000000000e+03
4.343000000000000000e+03
4.175000000000000000e+03
4.356000000000000000e+03
4.355000000000000000e+03
4.376000000000000000e+03
4.418000000000000000e+03
4.279000000000000000e+03
4.327000000000000000e+03
4.146000000000000000e+03
4.153000000000000000e+03
3.879000000000000000e+03
3.938000000000000000e+03
4.193000000000000000e+03
3.979000000000000000e+03
4.118000000000000000e+03
3.986000000000000000e+03
3.866000000000000000e+03
4.012000000000000000e+03
4.015000000000000000e+03
3.993000000000000000e+03
3.900000000000000000e+03
3.913000000000000000e+03
4.103000000000000000e+03
4.147000000000000000e+03
4.179000000000000000e+03
4.414000000000000000e+03
4.262000000000000000e+03
4.368000000000000000e+03
4.230000000000000000e+03
4.049000000000000000e+03
3.999000000000000000e+03
4.021000000000000000e+03
4.071000000000000000e+03
4.115000000000000000e+03
3.986000000000000000e+03
4.022000000000000000e+03
3.971000000000000000e+03
3.719000000000000000e+03
3.840000000000000000e+03
3.757000000000000000e+03
3.933000000000000000e+03
3.843000000000000000e+03
3.981000000000000000e+03
3.890000000000000000e+03
3.893000000000000000e+03
3.979000000000000000e+03
3.904000000000000000e+03
4.031000000000000000e+03
4.031000000000000000e+03
4.091000000000000000e+03
4.100000000000000000e+03
4.044000000000000000e+03
4.258000000000000000e+03
4.147000000000000000e+03
4.243000000000000000e+03
4.137000000000000000e+03
4.076000000000000000e+03
4.049000000000000000e+03
4.115000000000000000e+03
4.174000000000000000e+03
4.162000000000000000e+03
4.176000000000000000e+03
4.185000000000000000e+03
4.108000000000000000e+03
4.013000000000000000e+03
4.149000000000000000e+03
4.050000000000000000e+03
4.345000000000000000e+03
4.283000000000000000e+03
4.224000000000000000e+03
4.271000000000000000e+03
4.313000000000000000e+03
4.423000000000000000e+03
4.518000000000000000e+03
4.341000000000000000e+03
4.356000000000000000e+03
4.332000000000000000e+03
4.201000000000000000e+03
4.218000000000000000e+03
4.208000000000000000e+03
4.309000000000000000e+03
4.294000000000000000e+03
4.365000000000000000e+03
4.208000000000000000e+03
3.900000000000000000e+03
3.911000000000000000e+03
3.958000000000000000e+03
4.078000000000000000e+03
4.137000000000000000e+03
3.976000000000000000e+03
4.104000000000000000e+03
4.111000000000000000e+03
4.297000000000000000e+03
4.173000000000000000e+03
4.319000000000000000e+03
4.304000000000000000e+03
4.277000000000000000e+03
4.236000000000000000e+03
4.449000000000000000e+03
4.443000000000000000e+03
4.486000000000000000e+03
4.337000000000000000e+03
4.291000000000000000e+03
4.285000000000000000e+03
4.148000000000000000e+03
4.119000000000000000e+03
4.196000000000000000e+03
4.241000000000000000e+03
4.411000000000000000e+03
4.300000000000000000e+03
4.279000000000000000e+03
4.261000000000000000e+03
4.233000000000000000e+03
4.343000000000000000e+03
4.303000000000000000e+03
4.200000000000000000e+03
4.179000000000000000e+03
4.213000000000000000e+03
4.074000000000000000e+03
4.210000000000000000e+03
4.257000000000000000e+03
4.373000000000000000e+03
4.297000000000000000e+03
4.305000000000000000e+03
4.307000000000000000e+03
4.368000000000000000e+03
4.367000000000000000e+03
4.449000000000000000e+03
4.354000000000000000e+03
4.332000000000000000e+03
4.246000000000000000e+03
4.394000000000000000e+03
4.475000000000000000e+03
4.344000000000000000e+03
4.396000000000000000e+03
4.392000000000000000e+03
4.450000000000000000e+03
4.311000000000000000e+03
4.388000000000000000e+03
4.293000000000000000e+03
4.430000000000000000e+03
4.247000000000000000e+03
4.363000000000000000e+03
4.401000000000000000e+03
4.462000000000000000e+03
4.208000000000000000e+03
4.356000000000000000e+03
4.478000000000000000e+03
4.327000000000000000e+03
4.593000000000000000e+03
4.458000000000000000e+03
4.397000000000000000e+03
4.420000000000000000e+03
4.229000000000000000e+03
4.372000000000000000e+03
4.218000000000000000e+03
4.476000000000000000e+03
4.113000000000000000e+03
4.324000000000000000e+03
4.321000000000000000e+03
4.182000000000000000e+03
4.316000000000000000e+03
4.247000000000000000e+03
4.183000000000000000e+03
4.267000000000000000e+03
4.278000000000000000e+03
4.407000000000000000e+03
4.226000000000000000e+03
3.848000000000000000e+03
3.911000000000000000e+03
3.810000000000000000e+03
3.876000000000000000e+03
3.842000000000000000e+03
3.954000000000000000e+03
3.831000000000000000e+03
3.745000000000000000e+03
3.828000000000000000e+03
3.737000000000000000e+03
3.753000000000000000e+03
3.862000000000000000e+03
3.719000000000000000e+03
3.728000000000000000e+03
3.890000000000000000e+03
3.733000000000000000e+03
3.840000000000000000e+03
3.677000000000000000e+03
3.677000000000000000e+03
3.575000000000000000e+03
3.712000000000000000e+03
3.636000000000000000e+03
3.578000000000000000e+03
3.874000000000000000e+03
3.719000000000000000e+03
3.723000000000000000e+03
3.749000000000000000e+03
3.718000000000000000e+03
3.563000000000000000e+03
3.642000000000000000e+03
3.664000000000000000e+03
3.591000000000000000e+03
3.584000000000000000e+03
3.641000000000000000e+03
3.518000000000000000e+03
3.577000000000000000e+03
3.632000000000000000e+03
3.472000000000000000e+03
3.681000000000000000e+03
3.661000000000000000e+03
3.687000000000000000e+03
3.632000000000000000e+03
3.751000000000000000e+03
3.771000000000000000e+03
3.742000000000000000e+03
3.699000000000000000e+03
3.726000000000000000e+03
3.678000000000000000e+03
3.704000000000000000e+03
3.597000000000000000e+03
3.884000000000000000e+03
3.683000000000000000e+03
3.813000000000000000e+03
3.844000000000000000e+03
3.952000000000000000e+03
3.979000000000000000e+03
3.919000000000000000e+03
3.894000000000000000e+03
3.785000000000000000e+03
3.797000000000000000e+03
3.820000000000000000e+03
3.772000000000000000e+03
3.770000000000000000e+03
3.754000000000000000e+03
3.628000000000000000e+03
3.775000000000000000e+03
3.742000000000000000e+03
3.768000000000000000e+03
3.764000000000000000e+03
3.739000000000000000e+03
3.681000000000000000e+03
3.789000000000000000e+03
3.773000000000000000e+03
3.820000000000000000e+03
3.834000000000000000e+03
3.915000000000000000e+03
3.831000000000000000e+03
3.709000000000000000e+03
3.747000000000000000e+03
3.719000000000000000e+03
3.769000000000000000e+03
3.750000000000000000e+03
3.571000000000000000e+03
3.741000000000000000e+03
3.819000000000000000e+03
3.715000000000000000e+03
3.722000000000000000e+03
3.540000000000000000e+03
3.574000000000000000e+03
3.755000000000000000e+03
3.717000000000000000e+03
3.811000000000000000e+03
3.817000000000000000e+03
3.766000000000000000e+03
3.799000000000000000e+03
3.927000000000000000e+03
3.919000000000000000e+03
3.792000000000000000e+03
3.864000000000000000e+03
3.800000000000000000e+03
3.802000000000000000e+03
3.640000000000000000e+03
3.527000000000000000e+03
3.598000000000000000e+03
3.688000000000000000e+03
3.767000000000000000e+03
3.661000000000000000e+03
3.667000000000000000e+03
3.664000000000000000e+03
3.721000000000000000e+03
3.852000000000000000e+03
3.658000000000000000e+03
3.864000000000000000e+03
3.884000000000000000e+03
3.622000000000000000e+03
3.715000000000000000e+03
3.735000000000000000e+03
3.812000000000000000e+03
3.701000000000000000e+03
3.614000000000000000e+03
3.726000000000000000e+03
3.658000000000000000e+03
3.685000000000000000e+03
3.776000000000000000e+03
3.759000000000000000e+03
3.677000000000000000e+03
3.744000000000000000e+03
3.855000000000000000e+03
3.820000000000000000e+03
3.892000000000000000e+03
3.805000000000000000e+03
3.859000000000000000e+03
3.787000000000000000e+03
3.951000000000000000e+03
3.959000000000000000e+03
3.820000000000000000e+03
3.981000000000000000e+03
3.897000000000000000e+03
3.897000000000000000e+03
3.888000000000000000e+03
3.855000000000000000e+03
3.761000000000000000e+03
3.832000000000000000e+03
3.862000000000000000e+03
4.046000000000000000e+03
3.950000000000000000e+03
3.826000000000000000e+03
3.876000000000000000e+03
3.777000000000000000e+03
3.816000000000000000e+03
3.681000000000000000e+03
3.705000000000000000e+03
3.738000000000000000e+03
3.837000000000000000e+03
3.790000000000000000e+03
3.815000000000000000e+03
3.803000000000000000e+03
3.788000000000000000e+03
3.829000000000000000e+03
3.833000000000000000e+03
3.905000000000000000e+03
3.896000000000000000e+03
3.916000000000000000e+03
3.803000000000000000e+03
3.957000000000000000e+03
3.872000000000000000e+03
3.920000000000000000e+03
3.868000000000000000e+03
3.717000000000000000e+03
3.746000000000000000e+03
3.760000000000000000e+03
3.806000000000000000e+03
3.793000000000000000e+03
3.796000000000000000e+03
3.924000000000000000e+03
3.689000000000000000e+03
3.878000000000000000e+03
3.948000000000000000e+03
3.896000000000000000e+03
3.859000000000000000e+03
3.964000000000000000e+03
3.907000000000000000e+03
3.974000000000000000e+03
4.018000000000000000e+03
4.105000000000000000e+03
4.093000000000000000e+03
4.050000000000000000e+03
4.082000000000000000e+03
4.144000000000000000e+03
3.972000000000000000e+03
4.019000000000000000e+03
3.858000000000000000e+03
3.851000000000000000e+03
3.820000000000000000e+03
3.733000000000000000e+03
3.852000000000000000e+03
3.816000000000000000e+03
3.827000000000000000e+03
3.774000000000000000e+03
3.761000000000000000e+03
3.775000000000000000e+03
3.808000000000000000e+03
3.862000000000000000e+03
3.681000000000000000e+03
3.780000000000000000e+03
3.777000000000000000e+03
3.794000000000000000e+03
3.869000000000000000e+03
3.824000000000000000e+03
3.741000000000000000e+03
3.692000000000000000e+03
3.808000000000000000e+03
3.782000000000000000e+03
3.878000000000000000e+03
3.720000000000000000e+03
3.738000000000000000e+03
3.906000000000000000e+03
3.684000000000000000e+03
3.711000000000000000e+03
3.819000000000000000e+03
3.766000000000000000e+03
3.868000000000000000e+03
3.978000000000000000e+03
3.869000000000000000e+03
3.894000000000000000e+03
3.742000000000000000e+03
3.808000000000000000e+03
3.870000000000000000e+03
3.769000000000000000e+03
3.761000000000000000e+03
3.848000000000000000e+03
3.795000000000000000e+03
3.627000000000000000e+03
3.742000000000000000e+03
3.650000000000000000e+03
3.774000000000000000e+03
3.764000000000000000e+03
3.706000000000000000e+03
3.824000000000000000e+03
3.888000000000000000e+03
3.903000000000000000e+03
4.000000000000000000e+03
3.849000000000000000e+03
3.815000000000000000e+03
3.801000000000000000e+03
3.696000000000000000e+03
3.825000000000000000e+03
3.849000000000000000e+03
3.968000000000000000e+03
3.888000000000000000e+03
3.921000000000000000e+03
3.893000000000000000e+03
3.773000000000000000e+03
3.837000000000000000e+03
3.898000000000000000e+03
3.925000000000000000e+03
3.881000000000000000e+03
3.782000000000000000e+03
3.969000000000000000e+03
3.767000000000000000e+03
3.835000000000000000e+03
3.781000000000000000e+03
3.912000000000000000e+03
3.970000000000000000e+03
3.939000000000000000e+03
3.905000000000000000e+03
3.824000000000000000e+03
3.879000000000000000e+03
3.934000000000000000e+03
3.939000000000000000e+03
3.848000000000000000e+03
4.008000000000000000e+03
3.934000000000000000e+03
4.043000000000000000e+03
3.876000000000000000e+03
3.969000000000000000e+03
3.983000000000000000e+03
4.115000000000000000e+03
3.994000000000000000e+03
3.984000000000000000e+03
3.946000000000000000e+03
3.914000000000000000e+03
3.922000000000000000e+03
3.986000000000000000e+03
3.930000000000000000e+03
3.921000000000000000e+03
3.802000000000000000e+03
3.742000000000000000e+03
3.699000000000000000e+03
3.859000000000000000e+03
3.744000000000000000e+03
3.775000000000000000e+03
3.832000000000000000e+03
3.905000000000000000e+03
3.760000000000000000e+03
3.668000000000000000e+03
3.697000000000000000e+03
3.794000000000000000e+03
3.778000000000000000e+03
4.007000000000000000e+03
3.903000000000000000e+03
3.838000000000000000e+03
3.790000000000000000e+03
3.733000000000000000e+03
3.829000000000000000e+03
3.809000000000000000e+03
3.674000000000000000e+03
3.758000000000000000e+03
3.896000000000000000e+03
3.882000000000000000e+03
3.810000000000000000e+03
3.816000000000000000e+03
3.767000000000000000e+03
3.846000000000000000e+03
3.855000000000000000e+03
3.852000000000000000e+03
3.908000000000000000e+03
3.923000000000000000e+03
3.789000000000000000e+03
3.834000000000000000e+03
3.887000000000000000e+03
3.727000000000000000e+03
3.778000000000000000e+03
3.713000000000000000e+03
3.746000000000000000e+03
3.730000000000000000e+03
3.803000000000000000e+03
3.654000000000000000e+03
3.777000000000000000e+03
3.659000000000000000e+03
3.624000000000000000e+03
3.725000000000000000e+03
3.731000000000000000e+03
3.603000000000000000e+03
3.639000000000000000e+03
3.522000000000000000e+03
3.590000000000000000e+03
3.620000000000000000e+03
3.582000000000000000e+03
3.569000000000000000e+03
3.587000000000000000e+03
3.596000000000000000e+03
3.689000000000000000e+03
3.639000000000000000e+03
3.611000000000000000e+03
3.652000000000000000e+03
3.731000000000000000e+03
3.713000000000000000e+03
3.828000000000000000e+03
3.792000000000000000e+03
3.879000000000000000e+03
3.658000000000000000e+03
3.837000000000000000e+03
3.660000000000000000e+03
3.615000000000000000e+03
3.751000000000000000e+03
3.723000000000000000e+03
3.649000000000000000e+03
3.570000000000000000e+03
3.666000000000000000e+03
3.561000000000000000e+03
3.417000000000000000e+03
3.545000000000000000e+03
3.663000000000000000e+03
3.531000000000000000e+03
3.668000000000000000e+03
3.614000000000000000e+03
3.627000000000000000e+03
3.711000000000000000e+03
3.823000000000000000e+03
3.806000000000000000e+03
3.730000000000000000e+03
3.707000000000000000e+03
3.695000000000000000e+03
3.812000000000000000e+03
3.839000000000000000e+03
3.736000000000000000e+03
3.657000000000000000e+03
3.808000000000000000e+03
3.716000000000000000e+03
3.800000000000000000e+03
3.715000000000000000e+03
3.688000000000000000e+03
3.805000000000000000e+03
3.825000000000000000e+03
3.784000000000000000e+03
3.761000000000000000e+03
3.662000000000000000e+03
3.758000000000000000e+03
3.681000000000000000e+03
3.603000000000000000e+03
3.632000000000000000e+03
3.509000000000000000e+03
3.568000000000000000e+03
3.528000000000000000e+03
3.582000000000000000e+03
3.559000000000000000e+03
3.663000000000000000e+03
3.600000000000000000e+03
3.435000000000000000e+03
3.538000000000000000e+03
3.538000000000000000e+03
3.568000000000000000e+03
3.522000000000000000e+03
3.659000000000000000e+03
3.658000000000000000e+03
3.726000000000000000e+03
3.820000000000000000e+03
3.653000000000000000e+03
3.634000000000000000e+03
3.710000000000000000e+03
3.699000000000000000e+03
3.717000000000000000e+03
3.807000000000000000e+03
3.677000000000000000e+03
3.576000000000000000e+03
3.690000000000000000e+03
3.638000000000000000e+03
3.830000000000000000e+03
3.901000000000000000e+03
3.875000000000000000e+03
3.721000000000000000e+03
3.795000000000000000e+03
3.855000000000000000e+03
3.794000000000000000e+03
3.752000000000000000e+03
3.805000000000000000e+03
3.776000000000000000e+03
3.707000000000000000e+03
3.721000000000000000e+03
3.548000000000000000e+03
3.652000000000000000e+03
3.757000000000000000e+03
3.565000000000000000e+03
3.690000000000000000e+03
3.589000000000000000e+03
3.553000000000000000e+03
3.572000000000000000e+03
3.584000000000000000e+03
3.643000000000000000e+03
3.675000000000000000e+03
3.577000000000000000e+03
3.657000000000000000e+03
3.639000000000000000e+03
3.674000000000000000e+03
3.622000000000000000e+03
3.661000000000000000e+03
3.584000000000000000e+03
3.715000000000000000e+03
3.685000000000000000e+03
3.736000000000000000e+03
3.546000000000000000e+03
3.642000000000000000e+03
3.645000000000000000e+03
3.475000000000000000e+03
3.729000000000000000e+03
3.472000000000000000e+03
3.713000000000000000e+03
3.513000000000000000e+03
3.533000000000000000e+03
3.620000000000000000e+03
3.745000000000000000e+03
3.781000000000000000e+03
3.672000000000000000e+03
3.615000000000000000e+03
3.736000000000000000e+03
3.639000000000000000e+03
3.758000000000000000e+03
3.942000000000000000e+03
3.810000000000000000e+03
3.922000000000000000e+03
4.035000000000000000e+03
3.814000000000000000e+03
3.881000000000000000e+03
3.865000000000000000e+03
3.799000000000000000e+03
3.926000000000000000e+03
3.929000000000000000e+03
3.881000000000000000e+03
3.963000000000000000e+03
3.799000000000000000e+03
3.662000000000000000e+03
3.684000000000000000e+03
3.664000000000000000e+03
3.708000000000000000e+03
3.753000000000000000e+03
3.768000000000000000e+03
3.757000000000000000e+03
3.604000000000000000e+03
3.556000000000000000e+03
3.433000000000000000e+03
3.551000000000000000e+03
3.705000000000000000e+03
3.659000000000000000e+03
3.745000000000000000e+03
3.644000000000000000e+03
3.756000000000000000e+03
3.630000000000000000e+03
3.836000000000000000e+03
3.808000000000000000e+03
3.869000000000000000e+03
3.909000000000000000e+03
3.927000000000000000e+03
3.805000000000000000e+03
3.775000000000000000e+03
3.694000000000000000e+03
3.855000000000000000e+03
3.855000000000000000e+03
3.795000000000000000e+03
3.941000000000000000e+03
3.806000000000000000e+03
3.685000000000000000e+03
3.791000000000000000e+03
3.727000000000000000e+03
3.631000000000000000e+03
3.846000000000000000e+03
3.825000000000000000e+03
3.872000000000000000e+03
3.819000000000000000e+03
3.770000000000000000e+03
3.766000000000000000e+03
3.894000000000000000e+03
3.758000000000000000e+03
3.949000000000000000e+03
3.909000000000000000e+03
3.887000000000000000e+03
3.716000000000000000e+03
3.769000000000000000e+03
3.711000000000000000e+03
3.772000000000000000e+03
3.559000000000000000e+03
3.555000000000000000e+03
3.583000000000000000e+03
3.564000000000000000e+03
3.643000000000000000e+03
3.750000000000000000e+03
3.600000000000000000e+03
3.555000000000000000e+03
3.573000000000000000e+03
3.637000000000000000e+03
3.614000000000000000e+03
3.739000000000000000e+03
3.640000000000000000e+03
3.729000000000000000e+03
3.704000000000000000e+03
3.657000000000000000e+03
3.664000000000000000e+03
3.811000000000000000e+03
3.753000000000000000e+03
3.820000000000000000e+03
3.795000000000000000e+03
3.639000000000000000e+03
3.632000000000000000e+03
3.772000000000000000e+03
3.664000000000000000e+03
3.551000000000000000e+03
3.786000000000000000e+03
3.578000000000000000e+03
3.708000000000000000e+03
3.700000000000000000e+03
3.633000000000000000e+03
3.773000000000000000e+03
3.669000000000000000e+03
3.593000000000000000e+03
3.602000000000000000e+03
3.628000000000000000e+03
3.696000000000000000e+03
3.639000000000000000e+03
3.654000000000000000e+03
3.504000000000000000e+03
3.567000000000000000e+03
3.579000000000000000e+03
3.552000000000000000e+03
3.529000000000000000e+03
3.562000000000000000e+03
3.639000000000000000e+03
3.745000000000000000e+03
3.699000000000000000e+03
3.827000000000000000e+03
3.434000000000000000e+03
3.516000000000000000e+03
3.610000000000000000e+03
3.684000000000000000e+03
3.568000000000000000e+03
3.413000000000000000e+03
3.575000000000000000e+03
3.635000000000000000e+03
3.520000000000000000e+03
3.554000000000000000e+03
3.551000000000000000e+03
3.591000000000000000e+03
3.489000000000000000e+03
3.611000000000000000e+03
3.650000000000000000e+03
3.683000000000000000e+03
3.703000000000000000e+03
3.637000000000000000e+03
3.705000000000000000e+03
3.514000000000000000e+03
3.765000000000000000e+03
3.717000000000000000e+03
3.599000000000000000e+03
3.681000000000000000e+03
3.577000000000000000e+03
3.754000000000000000e+03
3.665000000000000000e+03
3.696000000000000000e+03
3.629000000000000000e+03
3.583000000000000000e+03
3.738000000000000000e+03
3.697000000000000000e+03
3.861000000000000000e+03
3.772000000000000000e+03
3.796000000000000000e+03
3.762000000000000000e+03
3.728000000000000000e+03
3.698000000000000000e+03
3.782000000000000000e+03
3.605000000000000000e+03
3.677000000000000000e+03
3.745000000000000000e+03
3.694000000000000000e+03
3.521000000000000000e+03
3.682000000000000000e+03
3.542000000000000000e+03
3.613000000000000000e+03
3.736000000000000000e+03
3.557000000000000000e+03
3.547000000000000000e+03
3.508000000000000000e+03
3.584000000000000000e+03
3.560000000000000000e+03
3.621000000000000000e+03
3.616000000000000000e+03
3.668000000000000000e+03
3.751000000000000000e+03
3.719000000000000000e+03
3.683000000000000000e+03
3.632000000000000000e+03
3.748000000000000000e+03
3.695000000000000000e+03
3.649000000000000000e+03
3.843000000000000000e+03
3.848000000000000000e+03
3.841000000000000000e+03
3.873000000000000000e+03
3.806000000000000000e+03
3.960000000000000000e+03
3.869000000000000000e+03
3.923000000000000000e+03
3.793000000000000000e+03
3.957000000000000000e+03
3.995000000000000000e+03
3.783000000000000000e+03
3.875000000000000000e+03
3.947000000000000000e+03
3.982000000000000000e+03
3.837000000000000000e+03
3.934000000000000000e+03
4.040000000000000000e+03
3.905000000000000000e+03
4.087000000000000000e+03
4.085000000000000000e+03
4.072000000000000000e+03
4.156000000000000000e+03
4.136000000000000000e+03
3.959000000000000000e+03
4.021000000000000000e+03
4.151000000000000000e+03
4.084000000000000000e+03
4.094000000000000000e+03
4.099000000000000000e+03
4.027000000000000000e+03
4.068000000000000000e+03
4.131000000000000000e+03
4.022000000000000000e+03
4.000000000000000000e+03
4.008000000000000000e+03
4.000000000000000000e+03
4.076000000000000000e+03
4.040000000000000000e+03
4.196000000000000000e+03
4.061000000000000000e+03
4.074000000000000000e+03
4.002000000000000000e+03
3.894000000000000000e+03
3.996000000000000000e+03
4.048000000000000000e+03
3.978000000000000000e+03
3.945000000000000000e+03
4.060000000000000000e+03
3.978000000000000000e+03
3.955000000000000000e+03
3.992000000000000000e+03
3.894000000000000000e+03
3.757000000000000000e+03
3.778000000000000000e+03
3.757000000000000000e+03
3.778000000000000000e+03
3.838000000000000000e+03
3.802000000000000000e+03
3.963000000000000000e+03
3.996000000000000000e+03
4.004000000000000000e+03
3.995000000000000000e+03
3.934000000000000000e+03
4.006000000000000000e+03
4.003000000000000000e+03
3.905000000000000000e+03
3.929000000000000000e+03
3.940000000000000000e+03
4.029000000000000000e+03
4.088000000000000000e+03
4.144000000000000000e+03
4.153000000000000000e+03
4.150000000000000000e+03
4.115000000000000000e+03
4.124000000000000000e+03
4.141000000000000000e+03
4.281000000000000000e+03
4.203000000000000000e+03
4.123000000000000000e+03
4.208000000000000000e+03
4.197000000000000000e+03
4.105000000000000000e+03
4.191000000000000000e+03
4.154000000000000000e+03
4.237000000000000000e+03
4.238000000000000000e+03
4.058000000000000000e+03
4.130000000000000000e+03
4.088000000000000000e+03
4.167000000000000000e+03
4.019000000000000000e+03
3.973000000000000000e+03
3.833000000000000000e+03
4.135000000000000000e+03
4.001000000000000000e+03
4.128000000000000000e+03
4.072000000000000000e+03
4.071000000000000000e+03
3.793000000000000000e+03
3.885000000000000000e+03
3.881000000000000000e+03
3.799000000000000000e+03
3.742000000000000000e+03
3.880000000000000000e+03
3.835000000000000000e+03
3.740000000000000000e+03
3.575000000000000000e+03
3.789000000000000000e+03
3.771000000000000000e+03
3.531000000000000000e+03
3.713000000000000000e+03
3.469000000000000000e+03
3.513000000000000000e+03
3.719000000000000000e+03
3.480000000000000000e+03
3.525000000000000000e+03
3.712000000000000000e+03
3.944000000000000000e+03
3.781000000000000000e+03
3.789000000000000000e+03
3.927000000000000000e+03
3.838000000000000000e+03
3.888000000000000000e+03
3.916000000000000000e+03
3.854000000000000000e+03
3.802000000000000000e+03
3.848000000000000000e+03
3.827000000000000000e+03
3.690000000000000000e+03
3.842000000000000000e+03
3.587000000000000000e+03
3.729000000000000000e+03
3.718000000000000000e+03
3.619000000000000000e+03
3.766000000000000000e+03
3.730000000000000000e+03
3.714000000000000000e+03
3.725000000000000000e+03
3.654000000000000000e+03
3.640000000000000000e+03
4.215000000000000000e+03
4.292000000000000000e+03
4.351000000000000000e+03
4.389000000000000000e+03
4.018000000000000000e+03
4.100000000000000000e+03
4.149000000000000000e+03
4.264000000000000000e+03
4.179000000000000000e+03
4.206000000000000000e+03
4.269000000000000000e+03
4.350000000000000000e+03
4.309000000000000000e+03
4.229000000000000000e+03
4.229000000000000000e+03
4.345000000000000000e+03
4.110000000000000000e+03
4.199000000000000000e+03
4.405000000000000000e+03
4.314000000000000000e+03
4.360000000000000000e+03
4.288000000000000000e+03
4.267000000000000000e+03
4.083000000000000000e+03
4.161000000000000000e+03
4.002000000000000000e+03
4.196000000000000000e+03
4.109000000000000000e+03
4.182000000000000000e+03
4.204000000000000000e+03
4.164000000000000000e+03
4.158000000000000000e+03
4.184000000000000000e+03
4.184000000000000000e+03
4.250000000000000000e+03
4.177000000000000000e+03
4.175000000000000000e+03
4.120000000000000000e+03
4.111000000000000000e+03
4.095000000000000000e+03
4.161000000000000000e+03
4.158000000000000000e+03
4.209000000000000000e+03
4.320000000000000000e+03
4.216000000000000000e+03
4.217000000000000000e+03
4.166000000000000000e+03
4.276000000000000000e+03
4.222000000000000000e+03
4.165000000000000000e+03
4.147000000000000000e+03
4.132000000000000000e+03
4.053000000000000000e+03
4.143000000000000000e+03
4.139000000000000000e+03
4.168000000000000000e+03
4.170000000000000000e+03
4.171000000000000000e+03
4.041000000000000000e+03
4.142000000000000000e+03
4.085000000000000000e+03
4.078000000000000000e+03
4.252000000000000000e+03
4.177000000000000000e+03
4.261000000000000000e+03
4.168000000000000000e+03
4.191000000000000000e+03
4.126000000000000000e+03
4.148000000000000000e+03
4.063000000000000000e+03
4.155000000000000000e+03
4.099000000000000000e+03
4.127000000000000000e+03
4.193000000000000000e+03
4.086000000000000000e+03
4.093000000000000000e+03
4.192000000000000000e+03
4.125000000000000000e+03
4.049000000000000000e+03
4.261000000000000000e+03
4.242000000000000000e+03
4.265000000000000000e+03
4.319000000000000000e+03
4.121000000000000000e+03
4.243000000000000000e+03
4.160000000000000000e+03
4.220000000000000000e+03
4.163000000000000000e+03
4.295000000000000000e+03
4.219000000000000000e+03
4.338000000000000000e+03
4.250000000000000000e+03
4.323000000000000000e+03
4.129000000000000000e+03
4.094000000000000000e+03
4.115000000000000000e+03
4.289000000000000000e+03
4.258000000000000000e+03
4.194000000000000000e+03
4.377000000000000000e+03
4.170000000000000000e+03
4.216000000000000000e+03
3.988000000000000000e+03
4.191000000000000000e+03
4.053000000000000000e+03
4.182000000000000000e+03
4.180000000000000000e+03
4.077000000000000000e+03
4.162000000000000000e+03
4.083000000000000000e+03
4.023000000000000000e+03
4.036000000000000000e+03
4.023000000000000000e+03
4.028000000000000000e+03
3.972000000000000000e+03
4.000000000000000000e+03
3.928000000000000000e+03
3.918000000000000000e+03
4.042000000000000000e+03
3.786000000000000000e+03
3.804000000000000000e+03
3.770000000000000000e+03
3.879000000000000000e+03
3.802000000000000000e+03
3.718000000000000000e+03
3.727000000000000000e+03
3.848000000000000000e+03
3.905000000000000000e+03
4.021000000000000000e+03
4.032000000000000000e+03
3.907000000000000000e+03
3.992000000000000000e+03
4.111000000000000000e+03
4.172000000000000000e+03
4.026000000000000000e+03
4.147000000000000000e+03
4.167000000000000000e+03
4.106000000000000000e+03
4.214000000000000000e+03
4.113000000000000000e+03
4.198000000000000000e+03
4.238000000000000000e+03
4.027000000000000000e+03
3.908000000000000000e+03
4.040000000000000000e+03
3.982000000000000000e+03
3.969000000000000000e+03
3.975000000000000000e+03
4.098000000000000000e+03
3.977000000000000000e+03
4.080000000000000000e+03
3.913000000000000000e+03
4.063000000000000000e+03
4.012000000000000000e+03
3.982000000000000000e+03
4.152000000000000000e+03
4.138000000000000000e+03
3.964000000000000000e+03
3.991000000000000000e+03
4.024000000000000000e+03
4.084000000000000000e+03
3.963000000000000000e+03
4.109000000000000000e+03
4.108000000000000000e+03
4.045000000000000000e+03
4.086000000000000000e+03
4.034000000000000000e+03
4.054000000000000000e+03
4.048000000000000000e+03
4.227000000000000000e+03
4.234000000000000000e+03
4.245000000000000000e+03
4.129000000000000000e+03
4.075000000000000000e+03
4.172000000000000000e+03
4.062000000000000000e+03
4.312000000000000000e+03
4.090000000000000000e+03
4.202000000000000000e+03
4.094000000000000000e+03
4.011000000000000000e+03
3.885000000000000000e+03
3.987000000000000000e+03
3.986000000000000000e+03
4.187000000000000000e+03
4.217000000000000000e+03
4.129000000000000000e+03
4.266000000000000000e+03
4.308000000000000000e+03
4.268000000000000000e+03
4.257000000000000000e+03
4.097000000000000000e+03
4.059000000000000000e+03
4.073000000000000000e+03
4.043000000000000000e+03
4.186000000000000000e+03
3.985000000000000000e+03
4.059000000000000000e+03
4.080000000000000000e+03
4.161000000000000000e+03
3.952000000000000000e+03
4.321000000000000000e+03
4.455000000000000000e+03
4.457000000000000000e+03
4.264000000000000000e+03
4.294000000000000000e+03
4.366000000000000000e+03
4.436000000000000000e+03
4.333000000000000000e+03
4.393000000000000000e+03
4.360000000000000000e+03
4.513000000000000000e+03
4.388000000000000000e+03
4.351000000000000000e+03
4.380000000000000000e+03
4.304000000000000000e+03
4.502000000000000000e+03
4.601000000000000000e+03
4.525000000000000000e+03
4.499000000000000000e+03
4.462000000000000000e+03
4.514000000000000000e+03
4.618000000000000000e+03
4.607000000000000000e+03
4.653000000000000000e+03
4.521000000000000000e+03
4.513000000000000000e+03
4.442000000000000000e+03
4.520000000000000000e+03
4.550000000000000000e+03
4.561000000000000000e+03
4.550000000000000000e+03
4.589000000000000000e+03
4.548000000000000000e+03
4.552000000000000000e+03
4.593000000000000000e+03
4.451000000000000000e+03
4.256000000000000000e+03
4.414000000000000000e+03
4.582000000000000000e+03
4.399000000000000000e+03
4.552000000000000000e+03
4.421000000000000000e+03
4.472000000000000000e+03
4.512000000000000000e+03
4.533000000000000000e+03
4.415000000000000000e+03
4.534000000000000000e+03
4.473000000000000000e+03
4.488000000000000000e+03
4.512000000000000000e+03
4.334000000000000000e+03
4.546000000000000000e+03
4.357000000000000000e+03
4.403000000000000000e+03
4.332000000000000000e+03
4.384000000000000000e+03
4.427000000000000000e+03
4.367000000000000000e+03
4.430000000000000000e+03
4.561000000000000000e+03
4.460000000000000000e+03
4.442000000000000000e+03
4.411000000000000000e+03
4.501000000000000000e+03
4.294000000000000000e+03
4.429000000000000000e+03
4.401000000000000000e+03
4.508000000000000000e+03
4.357000000000000000e+03
4.370000000000000000e+03
4.398000000000000000e+03
4.410000000000000000e+03
4.396000000000000000e+03
4.375000000000000000e+03
4.454000000000000000e+03
4.349000000000000000e+03
4.385000000000000000e+03
4.456000000000000000e+03
4.456000000000000000e+03
4.378000000000000000e+03
4.416000000000000000e+03
4.380000000000000000e+03
4.312000000000000000e+03
4.223000000000000000e+03
4.383000000000000000e+03
4.362000000000000000e+03
4.330000000000000000e+03
4.212000000000000000e+03
4.335000000000000000e+03
4.288000000000000000e+03
4.432000000000000000e+03
4.240000000000000000e+03
4.142000000000000000e+03
4.162000000000000000e+03
4.171000000000000000e+03
4.252000000000000000e+03
4.356000000000000000e+03
4.319000000000000000e+03
4.382000000000000000e+03
4.321000000000000000e+03
4.428000000000000000e+03
4.391000000000000000e+03
4.430000000000000000e+03
4.313000000000000000e+03
4.390000000000000000e+03
4.265000000000000000e+03
4.267000000000000000e+03
4.326000000000000000e+03
4.405000000000000000e+03
4.299000000000000000e+03
4.275000000000000000e+03
4.051000000000000000e+03
4.186000000000000000e+03
4.183000000000000000e+03
4.110000000000000000e+03
4.064000000000000000e+03
4.085000000000000000e+03
3.941000000000000000e+03
3.938000000000000000e+03
3.993000000000000000e+03
4.082000000000000000e+03
3.970000000000000000e+03
3.958000000000000000e+03
4.055000000000000000e+03
4.047000000000000000e+03
4.104000000000000000e+03
4.018000000000000000e+03
3.972000000000000000e+03
3.830000000000000000e+03
3.797000000000000000e+03
4.027000000000000000e+03
3.948000000000000000e+03
4.092000000000000000e+03
3.992000000000000000e+03
4.069000000000000000e+03
3.886000000000000000e+03
3.991000000000000000e+03
4.087000000000000000e+03
4.093000000000000000e+03
4.036000000000000000e+03
4.040000000000000000e+03
3.865000000000000000e+03
4.016000000000000000e+03
3.919000000000000000e+03
4.089000000000000000e+03
4.054000000000000000e+03
4.052000000000000000e+03
4.021000000000000000e+03
4.003000000000000000e+03
3.947000000000000000e+03
3.995000000000000000e+03
3.895000000000000000e+03
4.017000000000000000e+03
4.052000000000000000e+03
4.090000000000000000e+03
4.113000000000000000e+03
4.103000000000000000e+03
3.996000000000000000e+03
4.044000000000000000e+03
4.326000000000000000e+03
4.081000000000000000e+03
4.041000000000000000e+03
4.000000000000000000e+03
4.027000000000000000e+03
4.007000000000000000e+03
4.085000000000000000e+03
4.112000000000000000e+03
4.129000000000000000e+03
4.126000000000000000e+03
3.955000000000000000e+03
3.991000000000000000e+03
4.006000000000000000e+03
4.077000000000000000e+03
4.072000000000000000e+03
4.026000000000000000e+03
4.072000000000000000e+03
4.029000000000000000e+03
4.035000000000000000e+03
4.026000000000000000e+03
4.038000000000000000e+03
4.061000000000000000e+03
3.955000000000000000e+03
3.958000000000000000e+03
3.866000000000000000e+03
4.001000000000000000e+03
4.021000000000000000e+03
3.901000000000000000e+03
3.989000000000000000e+03
4.010000000000000000e+03
4.012000000000000000e+03
3.951000000000000000e+03
3.904000000000000000e+03
3.996000000000000000e+03
4.127000000000000000e+03
4.032000000000000000e+03
3.967000000000000000e+03
3.894000000000000000e+03
3.918000000000000000e+03
3.986000000000000000e+03
3.974000000000000000e+03
3.981000000000000000e+03
4.109000000000000000e+03
4.078000000000000000e+03
3.929000000000000000e+03
3.917000000000000000e+03
3.971000000000000000e+03
3.823000000000000000e+03
3.927000000000000000e+03
3.712000000000000000e+03
3.766000000000000000e+03
3.777000000000000000e+03
3.733000000000000000e+03
3.786000000000000000e+03
3.776000000000000000e+03
3.851000000000000000e+03
3.730000000000000000e+03
3.863000000000000000e+03
3.695000000000000000e+03
3.658000000000000000e+03
3.801000000000000000e+03
3.844000000000000000e+03
4.296000000000000000e+03
4.305000000000000000e+03
4.293000000000000000e+03
4.203000000000000000e+03
4.323000000000000000e+03
4.290000000000000000e+03
4.275000000000000000e+03
4.200000000000000000e+03
4.188000000000000000e+03
4.168000000000000000e+03
4.360000000000000000e+03
4.294000000000000000e+03
4.301000000000000000e+03
4.256000000000000000e+03
4.259000000000000000e+03
4.303000000000000000e+03
4.340000000000000000e+03
4.189000000000000000e+03
4.186000000000000000e+03
4.247000000000000000e+03
4.319000000000000000e+03
4.303000000000000000e+03
4.249000000000000000e+03
4.404000000000000000e+03
4.248000000000000000e+03
4.300000000000000000e+03
4.299000000000000000e+03
4.250000000000000000e+03
4.248000000000000000e+03
4.323000000000000000e+03
4.089000000000000000e+03
4.090000000000000000e+03
4.256000000000000000e+03
4.278000000000000000e+03
4.312000000000000000e+03
4.357000000000000000e+03
4.233000000000000000e+03
4.234000000000000000e+03
4.211000000000000000e+03
4.123000000000000000e+03
4.071000000000000000e+03
4.193000000000000000e+03
4.214000000000000000e+03
4.066000000000000000e+03
4.158000000000000000e+03
4.230000000000000000e+03
4.113000000000000000e+03
4.132000000000000000e+03
4.039000000000000000e+03
4.118000000000000000e+03
4.212000000000000000e+03
4.083000000000000000e+03
4.172000000000000000e+03
4.069000000000000000e+03
4.015000000000000000e+03
4.033000000000000000e+03
4.132000000000000000e+03
4.061000000000000000e+03
4.046000000000000000e+03
4.051000000000000000e+03
4.020000000000000000e+03
4.142000000000000000e+03
3.980000000000000000e+03
4.065000000000000000e+03
4.042000000000000000e+03
4.149000000000000000e+03
4.093000000000000000e+03
3.853000000000000000e+03
3.975000000000000000e+03
3.962000000000000000e+03
3.742000000000000000e+03
3.970000000000000000e+03
3.903000000000000000e+03
3.915000000000000000e+03
3.878000000000000000e+03
4.019000000000000000e+03
3.925000000000000000e+03
3.981000000000000000e+03
4.142000000000000000e+03
4.041000000000000000e+03
4.080000000000000000e+03
4.155000000000000000e+03
3.999000000000000000e+03
3.980000000000000000e+03
4.160000000000000000e+03
4.130000000000000000e+03
3.992000000000000000e+03
3.971000000000000000e+03
3.970000000000000000e+03
3.906000000000000000e+03
3.907000000000000000e+03
3.838000000000000000e+03
3.922000000000000000e+03
3.911000000000000000e+03
3.968000000000000000e+03
4.037000000000000000e+03
3.916000000000000000e+03
3.912000000000000000e+03
3.970000000000000000e+03
3.946000000000000000e+03
3.943000000000000000e+03
3.984000000000000000e+03
3.909000000000000000e+03
3.959000000000000000e+03
3.989000000000000000e+03
3.976000000000000000e+03
3.842000000000000000e+03
3.901000000000000000e+03
3.691000000000000000e+03
3.863000000000000000e+03
4.007000000000000000e+03
3.981000000000000000e+03
3.971000000000000000e+03
4.108000000000000000e+03
4.036000000000000000e+03
4.069000000000000000e+03
4.023000000000000000e+03
3.921000000000000000e+03
4.048000000000000000e+03
4.045000000000000000e+03
4.032000000000000000e+03
3.880000000000000000e+03
3.767000000000000000e+03
4.002000000000000000e+03
3.763000000000000000e+03
3.947000000000000000e+03
3.959000000000000000e+03
3.838000000000000000e+03
3.976000000000000000e+03
3.770000000000000000e+03
3.763000000000000000e+03
3.801000000000000000e+03
3.803000000000000000e+03
3.810000000000000000e+03
3.902000000000000000e+03
4.012000000000000000e+03
3.855000000000000000e+03
3.846000000000000000e+03
3.915000000000000000e+03
3.852000000000000000e+03
4.021000000000000000e+03
3.770000000000000000e+03
3.842000000000000000e+03
3.809000000000000000e+03
3.948000000000000000e+03
3.874000000000000000e+03
3.879000000000000000e+03
3.903000000000000000e+03
3.937000000000000000e+03
3.812000000000000000e+03
3.794000000000000000e+03
4.024000000000000000e+03
3.962000000000000000e+03
4.074000000000000000e+03
3.942000000000000000e+03
4.155000000000000000e+03
4.182000000000000000e+03
4.083000000000000000e+03
4.090000000000000000e+03
4.099000000000000000e+03
4.109000000000000000e+03
4.012000000000000000e+03
3.923000000000000000e+03
3.972000000000000000e+03
3.881000000000000000e+03
3.962000000000000000e+03
3.863000000000000000e+03
3.850000000000000000e+03
3.969000000000000000e+03
3.793000000000000000e+03
3.936000000000000000e+03
3.803000000000000000e+03
3.907000000000000000e+03
3.956000000000000000e+03
3.858000000000000000e+03
3.858000000000000000e+03
4.052000000000000000e+03
3.975000000000000000e+03
3.939000000000000000e+03
3.870000000000000000e+03
4.032000000000000000e+03
4.001000000000000000e+03
3.882000000000000000e+03
3.923000000000000000e+03
3.684000000000000000e+03
3.780000000000000000e+03
3.829000000000000000e+03
3.817000000000000000e+03
3.723000000000000000e+03
3.802000000000000000e+03
3.779000000000000000e+03
3.775000000000000000e+03
3.687000000000000000e+03
3.781000000000000000e+03
3.951000000000000000e+03
3.912000000000000000e+03
4.023000000000000000e+03
3.938000000000000000e+03
3.898000000000000000e+03
4.109000000000000000e+03
3.925000000000000000e+03
3.869000000000000000e+03
3.705000000000000000e+03
3.973000000000000000e+03
3.943000000000000000e+03
3.801000000000000000e+03
3.715000000000000000e+03
3.841000000000000000e+03
3.819000000000000000e+03
3.871000000000000000e+03
3.759000000000000000e+03
3.597000000000000000e+03
3.842000000000000000e+03
3.801000000000000000e+03
3.782000000000000000e+03
3.953000000000000000e+03
3.911000000000000000e+03
3.963000000000000000e+03
3.854000000000000000e+03
3.581000000000000000e+03
3.940000000000000000e+03
3.892000000000000000e+03
3.988000000000000000e+03
3.963000000000000000e+03
3.949000000000000000e+03
3.715000000000000000e+03
3.654000000000000000e+03
3.762000000000000000e+03
3.718000000000000000e+03
3.945000000000000000e+03
3.773000000000000000e+03
3.824000000000000000e+03
3.731000000000000000e+03
3.698000000000000000e+03
3.732000000000000000e+03
3.721000000000000000e+03
3.750000000000000000e+03
3.757000000000000000e+03
3.741000000000000000e+03
3.836000000000000000e+03
3.722000000000000000e+03
3.599000000000000000e+03
3.556000000000000000e+03
3.769000000000000000e+03
3.559000000000000000e+03
3.620000000000000000e+03
3.600000000000000000e+03
3.570000000000000000e+03
3.469000000000000000e+03
3.512000000000000000e+03
3.626000000000000000e+03
3.589000000000000000e+03
3.590000000000000000e+03
3.636000000000000000e+03
3.701000000000000000e+03
3.792000000000000000e+03
3.862000000000000000e+03
3.884000000000000000e+03
3.801000000000000000e+03
3.809000000000000000e+03
3.615000000000000000e+03
4.009000000000000000e+03
3.772000000000000000e+03
3.938000000000000000e+03
3.724000000000000000e+03
3.726000000000000000e+03
3.800000000000000000e+03
3.827000000000000000e+03
3.715000000000000000e+03
3.941000000000000000e+03
3.822000000000000000e+03
3.765000000000000000e+03
3.868000000000000000e+03
3.734000000000000000e+03
3.960000000000000000e+03
3.786000000000000000e+03
3.844000000000000000e+03
3.729000000000000000e+03
3.716000000000000000e+03
3.799000000000000000e+03
3.866000000000000000e+03
3.840000000000000000e+03
3.739000000000000000e+03
3.702000000000000000e+03
3.786000000000000000e+03
3.772000000000000000e+03
3.833000000000000000e+03
3.604000000000000000e+03
3.703000000000000000e+03
3.809000000000000000e+03
3.720000000000000000e+03
3.753000000000000000e+03
3.824000000000000000e+03
3.746000000000000000e+03
3.883000000000000000e+03
3.943000000000000000e+03
3.828000000000000000e+03
3.787000000000000000e+03
3.723000000000000000e+03
3.796000000000000000e+03
3.711000000000000000e+03
3.819000000000000000e+03
3.773000000000000000e+03
3.641000000000000000e+03
3.704000000000000000e+03
3.656000000000000000e+03
3.810000000000000000e+03
3.788000000000000000e+03
3.634000000000000000e+03
3.735000000000000000e+03
3.607000000000000000e+03
3.853000000000000000e+03
3.760000000000000000e+03
3.816000000000000000e+03
3.917000000000000000e+03
3.889000000000000000e+03
3.888000000000000000e+03
3.774000000000000000e+03
3.912000000000000000e+03
3.945000000000000000e+03
4.049000000000000000e+03
4.124000000000000000e+03
3.927000000000000000e+03
4.049000000000000000e+03
4.115000000000000000e+03
4.103000000000000000e+03
4.098000000000000000e+03
3.936000000000000000e+03
3.829000000000000000e+03
3.909000000000000000e+03
3.887000000000000000e+03
3.774000000000000000e+03
3.886000000000000000e+03
3.842000000000000000e+03
3.840000000000000000e+03
3.797000000000000000e+03
3.756000000000000000e+03
3.675000000000000000e+03
3.705000000000000000e+03
3.772000000000000000e+03
3.883000000000000000e+03
3.800000000000000000e+03
3.780000000000000000e+03
3.837000000000000000e+03
3.945000000000000000e+03
3.872000000000000000e+03
3.911000000000000000e+03
3.910000000000000000e+03
3.872000000000000000e+03
3.758000000000000000e+03
3.953000000000000000e+03
4.952000000000000000e+03
4.879000000000000000e+03
4.963000000000000000e+03
4.768000000000000000e+03
4.791000000000000000e+03
4.863000000000000000e+03
4.921000000000000000e+03
4.594000000000000000e+03
4.812000000000000000e+03
4.741000000000000000e+03
4.714000000000000000e+03
4.698000000000000000e+03
4.816000000000000000e+03
4.784000000000000000e+03
4.870000000000000000e+03
4.826000000000000000e+03
4.992000000000000000e+03
5.026000000000000000e+03
4.928000000000000000e+03
4.911000000000000000e+03
4.867000000000000000e+03
4.834000000000000000e+03
4.853000000000000000e+03
4.889000000000000000e+03
4.927000000000000000e+03
4.932000000000000000e+03
4.969000000000000000e+03
4.706000000000000000e+03
4.823000000000000000e+03
4.798000000000000000e+03
4.619000000000000000e+03
4.652000000000000000e+03
4.702000000000000000e+03
4.723000000000000000e+03
4.632000000000000000e+03
4.665000000000000000e+03
4.647000000000000000e+03
4.727000000000000000e+03
4.600000000000000000e+03
4.660000000000000000e+03
4.667000000000000000e+03
4.725000000000000000e+03
4.528000000000000000e+03
4.591000000000000000e+03
4.644000000000000000e+03
4.719000000000000000e+03
4.636000000000000000e+03
4.621000000000000000e+03
4.499000000000000000e+03
4.506000000000000000e+03
4.598000000000000000e+03
4.613000000000000000e+03
4.599000000000000000e+03
4.604000000000000000e+03
4.612000000000000000e+03
4.805000000000000000e+03
4.718000000000000000e+03
4.606000000000000000e+03
4.583000000000000000e+03
4.623000000000000000e+03
4.720000000000000000e+03
4.872000000000000000e+03
4.851000000000000000e+03
4.744000000000000000e+03
4.799000000000000000e+03
4.687000000000000000e+03
4.752000000000000000e+03
4.848000000000000000e+03
4.771000000000000000e+03
4.708000000000000000e+03
4.799000000000000000e+03
4.590000000000000000e+03
4.494000000000000000e+03
4.610000000000000000e+03
4.438000000000000000e+03
4.658000000000000000e+03
4.577000000000000000e+03
4.574000000000000000e+03
4.615000000000000000e+03
4.605000000000000000e+03
4.541000000000000000e+03
4.582000000000000000e+03
4.546000000000000000e+03
4.620000000000000000e+03
4.795000000000000000e+03
4.592000000000000000e+03
4.723000000000000000e+03
4.727000000000000000e+03
4.651000000000000000e+03
4.736000000000000000e+03
4.607000000000000000e+03
4.639000000000000000e+03
4.652000000000000000e+03
4.745000000000000000e+03
4.727000000000000000e+03
4.707000000000000000e+03
4.702000000000000000e+03
4.726000000000000000e+03
4.761000000000000000e+03
4.890000000000000000e+03
4.822000000000000000e+03
4.693000000000000000e+03
4.574000000000000000e+03
4.747000000000000000e+03
4.607000000000000000e+03
4.575000000000000000e+03
4.653000000000000000e+03
4.667000000000000000e+03
4.694000000000000000e+03
4.724000000000000000e+03
4.698000000000000000e+03
4.632000000000000000e+03
4.732000000000000000e+03
4.789000000000000000e+03
4.863000000000000000e+03
4.733000000000000000e+03
4.654000000000000000e+03
4.572000000000000000e+03
4.561000000000000000e+03
4.511000000000000000e+03
4.536000000000000000e+03
4.451000000000000000e+03
4.587000000000000000e+03
4.655000000000000000e+03
4.494000000000000000e+03
4.439000000000000000e+03
4.549000000000000000e+03
4.470000000000000000e+03
4.590000000000000000e+03
4.640000000000000000e+03
4.591000000000000000e+03
4.589000000000000000e+03
4.682000000000000000e+03
4.570000000000000000e+03
4.642000000000000000e+03
4.604000000000000000e+03
4.585000000000000000e+03
4.456000000000000000e+03
4.544000000000000000e+03
4.534000000000000000e+03
4.608000000000000000e+03
4.561000000000000000e+03
4.431000000000000000e+03
4.450000000000000000e+03
4.505000000000000000e+03
4.632000000000000000e+03
4.650000000000000000e+03
4.776000000000000000e+03
4.747000000000000000e+03
4.622000000000000000e+03
4.646000000000000000e+03
4.654000000000000000e+03
4.864000000000000000e+03
4.756000000000000000e+03
4.646000000000000000e+03
4.689000000000000000e+03
4.824000000000000000e+03
4.888000000000000000e+03
4.904000000000000000e+03
4.959000000000000000e+03
4.973000000000000000e+03
4.919000000000000000e+03
4.951000000000000000e+03
4.829000000000000000e+03
4.875000000000000000e+03
4.889000000000000000e+03
4.945000000000000000e+03
4.930000000000000000e+03
4.984000000000000000e+03
4.770000000000000000e+03
4.673000000000000000e+03
4.818000000000000000e+03
4.718000000000000000e+03
4.675000000000000000e+03
4.848000000000000000e+03
4.728000000000000000e+03
4.752000000000000000e+03
4.693000000000000000e+03
4.630000000000000000e+03
4.683000000000000000e+03
4.663000000000000000e+03
4.579000000000000000e+03
4.674000000000000000e+03
4.621000000000000000e+03
4.755000000000000000e+03
4.705000000000000000e+03
4.750000000000000000e+03
4.690000000000000000e+03
4.725000000000000000e+03
4.664000000000000000e+03
4.637000000000000000e+03
4.675000000000000000e+03
4.753000000000000000e+03
4.658000000000000000e+03
4.617000000000000000e+03
4.774000000000000000e+03
4.700000000000000000e+03
4.726000000000000000e+03
4.552000000000000000e+03
4.718000000000000000e+03
4.670000000000000000e+03
4.597000000000000000e+03
4.654000000000000000e+03
4.795000000000000000e+03
4.912000000000000000e+03
4.813000000000000000e+03
4.685000000000000000e+03
4.629000000000000000e+03
4.448000000000000000e+03
4.400000000000000000e+03
4.604000000000000000e+03
4.499000000000000000e+03
4.652000000000000000e+03
4.624000000000000000e+03
4.768000000000000000e+03
4.578000000000000000e+03
4.414000000000000000e+03
4.515000000000000000e+03
4.861000000000000000e+03
4.729000000000000000e+03
4.712000000000000000e+03
4.601000000000000000e+03
4.499000000000000000e+03
4.646000000000000000e+03
4.702000000000000000e+03
4.565000000000000000e+03
4.657000000000000000e+03
4.674000000000000000e+03
4.656000000000000000e+03
4.510000000000000000e+03
4.591000000000000000e+03
4.743000000000000000e+03
4.566000000000000000e+03
4.745000000000000000e+03
4.631000000000000000e+03
4.605000000000000000e+03
4.505000000000000000e+03
4.567000000000000000e+03
4.655000000000000000e+03
4.736000000000000000e+03
4.564000000000000000e+03
4.476000000000000000e+03
4.621000000000000000e+03
4.868000000000000000e+03
4.709000000000000000e+03
4.672000000000000000e+03
4.839000000000000000e+03
4.706000000000000000e+03
4.538000000000000000e+03
4.604000000000000000e+03
4.633000000000000000e+03
4.661000000000000000e+03
4.537000000000000000e+03
4.578000000000000000e+03
4.476000000000000000e+03
4.443000000000000000e+03
4.548000000000000000e+03
4.580000000000000000e+03
4.683000000000000000e+03
4.450000000000000000e+03
4.487000000000000000e+03
4.414000000000000000e+03
4.315000000000000000e+03
4.216000000000000000e+03
4.350000000000000000e+03
4.246000000000000000e+03
4.390000000000000000e+03
4.560000000000000000e+03
4.300000000000000000e+03
4.235000000000000000e+03
4.302000000000000000e+03
4.433000000000000000e+03
4.309000000000000000e+03
4.535000000000000000e+03
4.439000000000000000e+03
4.506000000000000000e+03
4.677000000000000000e+03
4.476000000000000000e+03
4.341000000000000000e+03
4.391000000000000000e+03
4.500000000000000000e+03
4.441000000000000000e+03
4.397000000000000000e+03
4.317000000000000000e+03
4.339000000000000000e+03
4.517000000000000000e+03
4.286000000000000000e+03
4.490000000000000000e+03
4.450000000000000000e+03
4.400000000000000000e+03
4.497000000000000000e+03
4.657000000000000000e+03
4.463000000000000000e+03
4.494000000000000000e+03
4.475000000000000000e+03
4.529000000000000000e+03
4.588000000000000000e+03
4.571000000000000000e+03
4.541000000000000000e+03
4.455000000000000000e+03
4.451000000000000000e+03
4.354000000000000000e+03
4.376000000000000000e+03
4.473000000000000000e+03
4.431000000000000000e+03
4.407000000000000000e+03
4.670000000000000000e+03
4.551000000000000000e+03
4.587000000000000000e+03
4.643000000000000000e+03
4.652000000000000000e+03
4.528000000000000000e+03
4.664000000000000000e+03
4.583000000000000000e+03
4.629000000000000000e+03
4.729000000000000000e+03
4.737000000000000000e+03
4.621000000000000000e+03
4.840000000000000000e+03
4.757000000000000000e+03
4.729000000000000000e+03
4.700000000000000000e+03
4.671000000000000000e+03
4.716000000000000000e+03
4.504000000000000000e+03
4.548000000000000000e+03
4.434000000000000000e+03
4.548000000000000000e+03
4.594000000000000000e+03
4.655000000000000000e+03
4.794000000000000000e+03
4.744000000000000000e+03
4.733000000000000000e+03
4.528000000000000000e+03
4.527000000000000000e+03
4.564000000000000000e+03
4.350000000000000000e+03
4.520000000000000000e+03
4.375000000000000000e+03
4.372000000000000000e+03
4.454000000000000000e+03
4.439000000000000000e+03
4.530000000000000000e+03
4.502000000000000000e+03
4.437000000000000000e+03
4.394000000000000000e+03
4.462000000000000000e+03
4.304000000000000000e+03
4.344000000000000000e+03
4.313000000000000000e+03
4.221000000000000000e+03
4.466000000000000000e+03
4.397000000000000000e+03
4.199000000000000000e+03
4.294000000000000000e+03
4.306000000000000000e+03
4.323000000000000000e+03
4.284000000000000000e+03
4.149000000000000000e+03
4.228000000000000000e+03
4.022000000000000000e+03
4.133000000000000000e+03
4.262000000000000000e+03
3.936000000000000000e+03
4.264000000000000000e+03
4.176000000000000000e+03
4.152000000000000000e+03
4.078000000000000000e+03
4.125000000000000000e+03
4.061000000000000000e+03
4.251000000000000000e+03
4.258000000000000000e+03
4.208000000000000000e+03
4.114000000000000000e+03
4.026000000000000000e+03
4.159000000000000000e+03
4.260000000000000000e+03
4.305000000000000000e+03
4.264000000000000000e+03
4.212000000000000000e+03
4.201000000000000000e+03
4.356000000000000000e+03
4.339000000000000000e+03
4.439000000000000000e+03
4.369000000000000000e+03
4.382000000000000000e+03
4.392000000000000000e+03
4.370000000000000000e+03
4.244000000000000000e+03
4.179000000000000000e+03
4.257000000000000000e+03
4.415000000000000000e+03
4.276000000000000000e+03
4.398000000000000000e+03
4.227000000000000000e+03
4.330000000000000000e+03
4.280000000000000000e+03
4.291000000000000000e+03
4.381000000000000000e+03
4.299000000000000000e+03
4.229000000000000000e+03
4.301000000000000000e+03
4.361000000000000000e+03
4.349000000000000000e+03
4.379000000000000000e+03
4.377000000000000000e+03
4.292000000000000000e+03
4.365000000000000000e+03
4.473000000000000000e+03
4.237000000000000000e+03
4.122000000000000000e+03
4.144000000000000000e+03
4.216000000000000000e+03
4.173000000000000000e+03
4.140000000000000000e+03
4.257000000000000000e+03
4.260000000000000000e+03
4.319000000000000000e+03
4.377000000000000000e+03
4.350000000000000000e+03
4.420000000000000000e+03
4.445000000000000000e+03
4.407000000000000000e+03
4.495000000000000000e+03
4.352000000000000000e+03
4.382000000000000000e+03
4.340000000000000000e+03
4.334000000000000000e+03
4.438000000000000000e+03
4.337000000000000000e+03
4.389000000000000000e+03
