9.159400000000000000e+04
9.152600000000000000e+04
9.228400000000000000e+04
9.167600000000000000e+04
9.164200000000000000e+04
9.138400000000000000e+04
9.107000000000000000e+04
9.243400000000000000e+04
9.222600000000000000e+04
9.148200000000000000e+04
9.167000000000000000e+04
9.201000000000000000e+04
9.096200000000000000e+04
9.175400000000000000e+04
9.158400000000000000e+04
9.179600000000000000e+04
9.143800000000000000e+04
9.175800000000000000e+04
9.225800000000000000e+04
9.235800000000000000e+04
9.218600000000000000e+04
9.230600000000000000e+04
9.210200000000000000e+04
9.188000000000000000e+04
9.349600000000000000e+04
9.253800000000000000e+04
9.194000000000000000e+04
9.276600000000000000e+04
9.206000000000000000e+04
9.165200000000000000e+04
9.168400000000000000e+04
9.160600000000000000e+04
9.212800000000000000e+04
9.168400000000000000e+04
9.165800000000000000e+04
9.228000000000000000e+04
9.181200000000000000e+04
9.123400000000000000e+04
9.165200000000000000e+04
9.118600000000000000e+04
9.240200000000000000e+04
9.225600000000000000e+04
9.180000000000000000e+04
9.188400000000000000e+04
9.213600000000000000e+04
9.281400000000000000e+04
9.259000000000000000e+04
9.199200000000000000e+04
9.160600000000000000e+04
9.198400000000000000e+04
9.270600000000000000e+04
9.181600000000000000e+04
9.193600000000000000e+04
9.260600000000000000e+04
9.181200000000000000e+04
9.299400000000000000e+04
9.288000000000000000e+04
9.212800000000000000e+04
9.196200000000000000e+04
9.281000000000000000e+04
9.221000000000000000e+04
9.178800000000000000e+04
9.178000000000000000e+04
9.206800000000000000e+04
9.223800000000000000e+04
9.190800000000000000e+04
9.187800000000000000e+04
9.249800000000000000e+04
9.165600000000000000e+04
9.156200000000000000e+04
9.233800000000000000e+04
9.190200000000000000e+04
9.236000000000000000e+04
9.189000000000000000e+04
9.272800000000000000e+04
9.156000000000000000e+04
9.251000000000000000e+04
9.193800000000000000e+04
9.100600000000000000e+04
9.181000000000000000e+04
9.216000000000000000e+04
9.177000000000000000e+04
9.167400000000000000e+04
9.160400000000000000e+04
9.249000000000000000e+04
9.145800000000000000e+04
9.169600000000000000e+04
9.220800000000000000e+04
9.222000000000000000e+04
9.226600000000000000e+04
9.183200000000000000e+04
9.201800000000000000e+04
9.227600000000000000e+04
9.231600000000000000e+04
9.198200000000000000e+04
9.224200000000000000e+04
9.242200000000000000e+04
9.214000000000000000e+04
9.263200000000000000e+04
9.195600000000000000e+04
9.242400000000000000e+04
9.279400000000000000e+04
9.194600000000000000e+04
9.189200000000000000e+04
9.241200000000000000e+04
9.214800000000000000e+04
9.271400000000000000e+04
9.217400000000000000e+04
9.239400000000000000e+04
9.237400000000000000e+04
9.248200000000000000e+04
9.266000000000000000e+04
9.220000000000000000e+04
9.264400000000000000e+04
9.280000000000000000e+04
9.205600000000000000e+04
9.177600000000000000e+04
9.238800000000000000e+04
9.330200000000000000e+04
9.273600000000000000e+04
9.212000000000000000e+04
9.236600000000000000e+04
9.314200000000000000e+04
9.213600000000000000e+04
9.234000000000000000e+04
9.275200000000000000e+04
9.192800000000000000e+04
9.289000000000000000e+04
9.259200000000000000e+04
9.326400000000000000e+04
9.329800000000000000e+04
9.239600000000000000e+04
9.218200000000000000e+04
9.240400000000000000e+04
9.177400000000000000e+04
9.248400000000000000e+04
9.248400000000000000e+04
9.181200000000000000e+04
9.195600000000000000e+04
9.252200000000000000e+04
9.241600000000000000e+04
9.260200000000000000e+04
9.215400000000000000e+04
9.241600000000000000e+04
9.286400000000000000e+04
9.221000000000000000e+04
9.273800000000000000e+04
9.266400000000000000e+04
9.154200000000000000e+04
9.215200000000000000e+04
9.231200000000000000e+04
9.194600000000000000e+04
9.197800000000000000e+04
9.176800000000000000e+04
9.276200000000000000e+04
9.266200000000000000e+04
9.267200000000000000e+04
9.216000000000000000e+04
9.246200000000000000e+04
9.255200000000000000e+04
9.222400000000000000e+04
9.277000000000000000e+04
9.203800000000000000e+04
9.168800000000000000e+04
9.259000000000000000e+04
9.243800000000000000e+04
9.249000000000000000e+04
9.183000000000000000e+04
9.137800000000000000e+04
9.189800000000000000e+04
9.150400000000000000e+04
9.162000000000000000e+04
9.256800000000000000e+04
9.208400000000000000e+04
9.212600000000000000e+04
9.265400000000000000e+04
9.145200000000000000e+04
9.236800000000000000e+04
9.196800000000000000e+04
9.215800000000000000e+04
9.331600000000000000e+04
9.257600000000000000e+04
9.236600000000000000e+04
9.239800000000000000e+04
9.270600000000000000e+04
9.134000000000000000e+04
9.245000000000000000e+04
9.248800000000000000e+04
9.227400000000000000e+04
9.240200000000000000e+04
9.197400000000000000e+04
9.227600000000000000e+04
9.180000000000000000e+04
9.164000000000000000e+04
9.174400000000000000e+04
9.248400000000000000e+04
9.274200000000000000e+04
9.161000000000000000e+04
9.194600000000000000e+04
9.189600000000000000e+04
9.198200000000000000e+04
9.218400000000000000e+04
9.216600000000000000e+04
9.213600000000000000e+04
9.254600000000000000e+04
9.227600000000000000e+04
9.350800000000000000e+04
9.286800000000000000e+04
9.224200000000000000e+04
9.245000000000000000e+04
9.236200000000000000e+04
9.248600000000000000e+04
9.247200000000000000e+04
9.249800000000000000e+04
9.255600000000000000e+04
9.334400000000000000e+04
9.252200000000000000e+04
9.314200000000000000e+04
9.392000000000000000e+04
9.272600000000000000e+04
9.327600000000000000e+04
9.187200000000000000e+04
9.239000000000000000e+04
9.261000000000000000e+04
9.278600000000000000e+04
9.205600000000000000e+04
9.203600000000000000e+04
9.226600000000000000e+04
9.217600000000000000e+04
9.289800000000000000e+04
9.217200000000000000e+04
9.217600000000000000e+04
9.232800000000000000e+04
9.262600000000000000e+04
9.199800000000000000e+04
9.215800000000000000e+04
9.267000000000000000e+04
9.183800000000000000e+04
9.267000000000000000e+04
9.265200000000000000e+04
9.285600000000000000e+04
9.248800000000000000e+04
9.241600000000000000e+04
9.356000000000000000e+04
9.298400000000000000e+04
9.292400000000000000e+04
9.230800000000000000e+04
9.301200000000000000e+04
9.252400000000000000e+04
9.239400000000000000e+04
9.279600000000000000e+04
9.265000000000000000e+04
9.286200000000000000e+04
9.194400000000000000e+04
9.347200000000000000e+04
9.183000000000000000e+04
9.271800000000000000e+04
9.323000000000000000e+04
9.274600000000000000e+04
9.293800000000000000e+04
9.365600000000000000e+04
9.291400000000000000e+04
9.282200000000000000e+04
9.276800000000000000e+04
9.198000000000000000e+04
9.270400000000000000e+04
9.240200000000000000e+04
9.285600000000000000e+04
9.323800000000000000e+04
9.309800000000000000e+04
9.242800000000000000e+04
9.313400000000000000e+04
9.260600000000000000e+04
9.241000000000000000e+04
9.252000000000000000e+04
9.217200000000000000e+04
9.228200000000000000e+04
9.268400000000000000e+04
9.309200000000000000e+04
9.254200000000000000e+04
9.336400000000000000e+04
9.247400000000000000e+04
9.224200000000000000e+04
9.258800000000000000e+04
9.211400000000000000e+04
9.231000000000000000e+04
9.340200000000000000e+04
9.276200000000000000e+04
9.261600000000000000e+04
9.259200000000000000e+04
9.178000000000000000e+04
9.158000000000000000e+04
9.145400000000000000e+04
9.179200000000000000e+04
9.104400000000000000e+04
9.280400000000000000e+04
9.229800000000000000e+04
9.236800000000000000e+04
9.272000000000000000e+04
9.342000000000000000e+04
9.210000000000000000e+04
9.231200000000000000e+04
9.176000000000000000e+04
9.209800000000000000e+04
9.277200000000000000e+04
9.177000000000000000e+04
9.199000000000000000e+04
9.224400000000000000e+04
9.258200000000000000e+04
9.261800000000000000e+04
9.231000000000000000e+04
9.270400000000000000e+04
9.292200000000000000e+04
9.190800000000000000e+04
9.216600000000000000e+04
9.162200000000000000e+04
9.178400000000000000e+04
9.211800000000000000e+04
9.231400000000000000e+04
9.200800000000000000e+04
9.207400000000000000e+04
9.158400000000000000e+04
9.195000000000000000e+04
9.170200000000000000e+04
9.204600000000000000e+04
9.253600000000000000e+04
9.236200000000000000e+04
9.259000000000000000e+04
9.245000000000000000e+04
9.150800000000000000e+04
9.166000000000000000e+04
9.156000000000000000e+04
9.196000000000000000e+04
9.234800000000000000e+04
9.242400000000000000e+04
9.176200000000000000e+04
9.302000000000000000e+04
9.197800000000000000e+04
9.335800000000000000e+04
9.240800000000000000e+04
9.226400000000000000e+04
9.176000000000000000e+04
9.262400000000000000e+04
9.190400000000000000e+04
9.172400000000000000e+04
9.151200000000000000e+04
9.324800000000000000e+04
9.234400000000000000e+04
9.209400000000000000e+04
9.161400000000000000e+04
9.215200000000000000e+04
9.159600000000000000e+04
9.131400000000000000e+04
9.242200000000000000e+04
9.204600000000000000e+04
9.234000000000000000e+04
9.230800000000000000e+04
9.260600000000000000e+04
9.284800000000000000e+04
9.202000000000000000e+04
9.235200000000000000e+04
9.258600000000000000e+04
9.195000000000000000e+04
9.166600000000000000e+04
9.251600000000000000e+04
9.188400000000000000e+04
9.238200000000000000e+04
9.225200000000000000e+04
9.262800000000000000e+04
9.257200000000000000e+04
9.254400000000000000e+04
9.303400000000000000e+04
9.231400000000000000e+04
9.225000000000000000e+04
9.208800000000000000e+04
9.274800000000000000e+04
9.269600000000000000e+04
9.245200000000000000e+04
9.272400000000000000e+04
9.184400000000000000e+04
9.220200000000000000e+04
9.245400000000000000e+04
9.250600000000000000e+04
9.219400000000000000e+04
9.253400000000000000e+04
9.315400000000000000e+04
9.261600000000000000e+04
9.250400000000000000e+04
9.254600000000000000e+04
9.177400000000000000e+04
9.246000000000000000e+04
9.217000000000000000e+04
9.323600000000000000e+04
9.268400000000000000e+04
9.236400000000000000e+04
9.219400000000000000e+04
9.212000000000000000e+04
9.251800000000000000e+04
9.205000000000000000e+04
9.231400000000000000e+04
9.219400000000000000e+04
9.230000000000000000e+04
9.268200000000000000e+04
9.221200000000000000e+04
9.249200000000000000e+04
9.299000000000000000e+04
9.234800000000000000e+04
9.257600000000000000e+04
9.271400000000000000e+04
9.254200000000000000e+04
9.333400000000000000e+04
9.318000000000000000e+04
9.271000000000000000e+04
9.323000000000000000e+04
9.301400000000000000e+04
9.267400000000000000e+04
9.244800000000000000e+04
9.296800000000000000e+04
9.278000000000000000e+04
9.254000000000000000e+04
9.315000000000000000e+04
9.240400000000000000e+04
9.264000000000000000e+04
9.272600000000000000e+04
9.248000000000000000e+04
9.234200000000000000e+04
9.220400000000000000e+04
9.238800000000000000e+04
9.210800000000000000e+04
9.259600000000000000e+04
9.231600000000000000e+04
9.257400000000000000e+04
9.192000000000000000e+04
9.260400000000000000e+04
9.217600000000000000e+04
9.225400000000000000e+04
9.263800000000000000e+04
9.245200000000000000e+04
9.239400000000000000e+04
9.207400000000000000e+04
9.305400000000000000e+04
9.192000000000000000e+04
9.286000000000000000e+04
9.253800000000000000e+04
9.199400000000000000e+04
9.237400000000000000e+04
9.287000000000000000e+04
9.324200000000000000e+04
9.287200000000000000e+04
9.155200000000000000e+04
9.168800000000000000e+04
9.263800000000000000e+04
9.200800000000000000e+04
9.188000000000000000e+04
9.277600000000000000e+04
9.245400000000000000e+04
9.218600000000000000e+04
9.162400000000000000e+04
9.234600000000000000e+04
9.164400000000000000e+04
9.193800000000000000e+04
9.227400000000000000e+04
9.304000000000000000e+04
9.209200000000000000e+04
9.267400000000000000e+04
9.265600000000000000e+04
9.274200000000000000e+04
9.261000000000000000e+04
9.256400000000000000e+04
9.255800000000000000e+04
9.278400000000000000e+04
9.236200000000000000e+04
9.265200000000000000e+04
9.228800000000000000e+04
9.229000000000000000e+04
9.315200000000000000e+04
9.250000000000000000e+04
9.233800000000000000e+04
9.278400000000000000e+04
9.214000000000000000e+04
9.215200000000000000e+04
9.217400000000000000e+04
9.276200000000000000e+04
9.235000000000000000e+04
9.273400000000000000e+04
9.247600000000000000e+04
9.231800000000000000e+04
9.283600000000000000e+04
9.236600000000000000e+04
9.195600000000000000e+04
9.201400000000000000e+04
9.269600000000000000e+04
9.249600000000000000e+04
9.207200000000000000e+04
9.242600000000000000e+04
9.254400000000000000e+04
9.197600000000000000e+04
9.266200000000000000e+04
9.243000000000000000e+04
9.258200000000000000e+04
9.237200000000000000e+04
9.136600000000000000e+04
9.220200000000000000e+04
9.247200000000000000e+04
9.286600000000000000e+04
9.279400000000000000e+04
9.315000000000000000e+04
9.225200000000000000e+04
9.226800000000000000e+04
9.258400000000000000e+04
9.245400000000000000e+04
9.279000000000000000e+04
9.252600000000000000e+04
9.256800000000000000e+04
9.249600000000000000e+04
9.245000000000000000e+04
9.220800000000000000e+04
9.208800000000000000e+04
9.189400000000000000e+04
9.260000000000000000e+04
9.313800000000000000e+04
9.302200000000000000e+04
9.267600000000000000e+04
9.232400000000000000e+04
9.272200000000000000e+04
9.230000000000000000e+04
9.205800000000000000e+04
9.293600000000000000e+04
9.301600000000000000e+04
9.181000000000000000e+04
9.266400000000000000e+04
9.217400000000000000e+04
9.264200000000000000e+04
9.299400000000000000e+04
9.257000000000000000e+04
9.250000000000000000e+04
9.244600000000000000e+04
9.238600000000000000e+04
9.221400000000000000e+04
9.260400000000000000e+04
9.232000000000000000e+04
9.257600000000000000e+04
9.203600000000000000e+04
9.312000000000000000e+04
9.216400000000000000e+04
9.207200000000000000e+04
9.156800000000000000e+04
9.227000000000000000e+04
9.239400000000000000e+04
9.199800000000000000e+04
9.283400000000000000e+04
9.188000000000000000e+04
9.158000000000000000e+04
9.188600000000000000e+04
9.251800000000000000e+04
9.235600000000000000e+04
9.253600000000000000e+04
9.256200000000000000e+04
9.308400000000000000e+04
9.269000000000000000e+04
9.318400000000000000e+04
9.262000000000000000e+04
9.279000000000000000e+04
9.222200000000000000e+04
9.228000000000000000e+04
9.189000000000000000e+04
9.214000000000000000e+04
9.269400000000000000e+04
9.251600000000000000e+04
9.272400000000000000e+04
9.223400000000000000e+04
9.209600000000000000e+04
9.216000000000000000e+04
9.264200000000000000e+04
9.231400000000000000e+04
9.204400000000000000e+04
9.293800000000000000e+04
9.191000000000000000e+04
9.238800000000000000e+04
9.230800000000000000e+04
9.224400000000000000e+04
9.225800000000000000e+04
9.286200000000000000e+04
9.298600000000000000e+04
9.216600000000000000e+04
9.215400000000000000e+04
9.253000000000000000e+04
9.206000000000000000e+04
9.228000000000000000e+04
9.230000000000000000e+04
9.256000000000000000e+04
9.183000000000000000e+04
9.272800000000000000e+04
9.279800000000000000e+04
9.258800000000000000e+04
9.193200000000000000e+04
9.306800000000000000e+04
9.224000000000000000e+04
9.220600000000000000e+04
9.301000000000000000e+04
9.211000000000000000e+04
9.214400000000000000e+04
9.218800000000000000e+04
9.292800000000000000e+04
9.269000000000000000e+04
9.228600000000000000e+04
9.205000000000000000e+04
9.263400000000000000e+04
9.250400000000000000e+04
9.260200000000000000e+04
9.313600000000000000e+04
9.267600000000000000e+04
9.335400000000000000e+04
9.290400000000000000e+04
9.259600000000000000e+04
9.260600000000000000e+04
9.284800000000000000e+04
9.375800000000000000e+04
9.318600000000000000e+04
9.211000000000000000e+04
9.305400000000000000e+04
9.271400000000000000e+04
9.231800000000000000e+04
9.363000000000000000e+04
9.136000000000000000e+04
9.195000000000000000e+04
9.190000000000000000e+04
9.204200000000000000e+04
9.319800000000000000e+04
9.120400000000000000e+04
9.223600000000000000e+04
9.224600000000000000e+04
9.309600000000000000e+04
9.147000000000000000e+04
9.204600000000000000e+04
9.252000000000000000e+04
9.267800000000000000e+04
9.165600000000000000e+04
9.210800000000000000e+04
9.101400000000000000e+04
9.166400000000000000e+04
9.189600000000000000e+04
9.200800000000000000e+04
9.240400000000000000e+04
9.208200000000000000e+04
9.223800000000000000e+04
9.276800000000000000e+04
9.293600000000000000e+04
9.288000000000000000e+04
9.294800000000000000e+04
9.241200000000000000e+04
9.215000000000000000e+04
9.245400000000000000e+04
9.218400000000000000e+04
9.234800000000000000e+04
9.160600000000000000e+04
9.160400000000000000e+04
9.279400000000000000e+04
9.200000000000000000e+04
9.275000000000000000e+04
9.226600000000000000e+04
9.177200000000000000e+04
9.298600000000000000e+04
9.289600000000000000e+04
9.232400000000000000e+04
9.285400000000000000e+04
9.346800000000000000e+04
9.235000000000000000e+04
9.248000000000000000e+04
9.243000000000000000e+04
9.188600000000000000e+04
9.220200000000000000e+04
9.221400000000000000e+04
9.222600000000000000e+04
9.219800000000000000e+04
9.212400000000000000e+04
9.240200000000000000e+04
9.280000000000000000e+04
9.267400000000000000e+04
9.288000000000000000e+04
9.235000000000000000e+04
9.278600000000000000e+04
9.239800000000000000e+04
9.200600000000000000e+04
9.281000000000000000e+04
9.243400000000000000e+04
9.279800000000000000e+04
9.296200000000000000e+04
9.250600000000000000e+04
9.187400000000000000e+04
9.223200000000000000e+04
9.191400000000000000e+04
9.283400000000000000e+04
9.172200000000000000e+04
9.183200000000000000e+04
9.244800000000000000e+04
9.263200000000000000e+04
9.166800000000000000e+04
9.229800000000000000e+04
9.200400000000000000e+04
9.189200000000000000e+04
9.286000000000000000e+04
9.234800000000000000e+04
9.232400000000000000e+04
9.280000000000000000e+04
9.316400000000000000e+04
9.211200000000000000e+04
9.260600000000000000e+04
9.174400000000000000e+04
9.181200000000000000e+04
9.238600000000000000e+04
9.248600000000000000e+04
9.307800000000000000e+04
9.221600000000000000e+04
9.270800000000000000e+04
9.264200000000000000e+04
9.177200000000000000e+04
9.228000000000000000e+04
9.157000000000000000e+04
9.328200000000000000e+04
9.273000000000000000e+04
9.277200000000000000e+04
9.274200000000000000e+04
9.264400000000000000e+04
9.229200000000000000e+04
9.264800000000000000e+04
9.245000000000000000e+04
9.229800000000000000e+04
9.198600000000000000e+04
9.183600000000000000e+04
9.249400000000000000e+04
9.256600000000000000e+04
9.201200000000000000e+04
9.249600000000000000e+04
9.251400000000000000e+04
9.334600000000000000e+04
9.265200000000000000e+04
9.249800000000000000e+04
9.235400000000000000e+04
9.323200000000000000e+04
9.229000000000000000e+04
9.344200000000000000e+04
9.291800000000000000e+04
9.322400000000000000e+04
9.279600000000000000e+04
9.170600000000000000e+04
9.254800000000000000e+04
9.212800000000000000e+04
9.245200000000000000e+04
9.201200000000000000e+04
9.233400000000000000e+04
9.203000000000000000e+04
9.215600000000000000e+04
9.241800000000000000e+04
9.218800000000000000e+04
9.217000000000000000e+04
9.275000000000000000e+04
9.245200000000000000e+04
9.167200000000000000e+04
9.366400000000000000e+04
9.239800000000000000e+04
9.241600000000000000e+04
9.170800000000000000e+04
9.298800000000000000e+04
9.209400000000000000e+04
9.199600000000000000e+04
9.203200000000000000e+04
9.268600000000000000e+04
9.250400000000000000e+04
9.222200000000000000e+04
9.191000000000000000e+04
9.246800000000000000e+04
9.217600000000000000e+04
9.201400000000000000e+04
9.200400000000000000e+04
9.165600000000000000e+04
9.224600000000000000e+04
9.208200000000000000e+04
9.208400000000000000e+04
9.226600000000000000e+04
9.279400000000000000e+04
9.136200000000000000e+04
9.247200000000000000e+04
9.262800000000000000e+04
9.223200000000000000e+04
9.264400000000000000e+04
9.303800000000000000e+04
9.261600000000000000e+04
9.147600000000000000e+04
9.241800000000000000e+04
9.139000000000000000e+04
9.241600000000000000e+04
9.251600000000000000e+04
9.168600000000000000e+04
9.152200000000000000e+04
9.224600000000000000e+04
9.258200000000000000e+04
9.280600000000000000e+04
9.225000000000000000e+04
9.118400000000000000e+04
9.168600000000000000e+04
9.213600000000000000e+04
9.268000000000000000e+04
9.215600000000000000e+04
9.219000000000000000e+04
9.166400000000000000e+04
9.224200000000000000e+04
9.291200000000000000e+04
9.237400000000000000e+04
9.195800000000000000e+04
9.216600000000000000e+04
9.220600000000000000e+04
9.249200000000000000e+04
9.234600000000000000e+04
9.156800000000000000e+04
9.292000000000000000e+04
9.238400000000000000e+04
9.251800000000000000e+04
9.255800000000000000e+04
9.217600000000000000e+04
9.276800000000000000e+04
9.347400000000000000e+04
9.268400000000000000e+04
9.222600000000000000e+04
9.303400000000000000e+04
9.264000000000000000e+04
9.277000000000000000e+04
9.237400000000000000e+04
9.266200000000000000e+04
9.222800000000000000e+04
9.290800000000000000e+04
9.256400000000000000e+04
9.299600000000000000e+04
9.292600000000000000e+04
9.265200000000000000e+04
9.186400000000000000e+04
9.216000000000000000e+04
9.273200000000000000e+04
9.175400000000000000e+04
9.322800000000000000e+04
9.282400000000000000e+04
9.255600000000000000e+04
9.258200000000000000e+04
9.218000000000000000e+04
9.149400000000000000e+04
9.285400000000000000e+04
9.395200000000000000e+04
9.271200000000000000e+04
9.287800000000000000e+04
9.273200000000000000e+04
9.290400000000000000e+04
9.314800000000000000e+04
9.212800000000000000e+04
9.235800000000000000e+04
9.295600000000000000e+04
9.201600000000000000e+04
9.247800000000000000e+04
9.321800000000000000e+04
9.260600000000000000e+04
9.262000000000000000e+04
9.224400000000000000e+04
9.225800000000000000e+04
9.267800000000000000e+04
9.166200000000000000e+04
9.161000000000000000e+04
9.207400000000000000e+04
9.242000000000000000e+04
9.278200000000000000e+04
9.261600000000000000e+04
9.277400000000000000e+04
9.237600000000000000e+04
9.232600000000000000e+04
9.288600000000000000e+04
9.326600000000000000e+04
9.302600000000000000e+04
9.344200000000000000e+04
9.275600000000000000e+04
9.248800000000000000e+04
9.352000000000000000e+04
9.252400000000000000e+04
9.345200000000000000e+04
9.252000000000000000e+04
9.221400000000000000e+04
9.295000000000000000e+04
9.219800000000000000e+04
9.333200000000000000e+04
9.269600000000000000e+04
9.283200000000000000e+04
9.289800000000000000e+04
9.242000000000000000e+04
9.319600000000000000e+04
9.236400000000000000e+04
9.198800000000000000e+04
9.195400000000000000e+04
9.227400000000000000e+04
9.260000000000000000e+04
9.277000000000000000e+04
9.233600000000000000e+04
9.247800000000000000e+04
9.196400000000000000e+04
9.265000000000000000e+04
9.236000000000000000e+04
9.303400000000000000e+04
9.284600000000000000e+04
9.260800000000000000e+04
9.219200000000000000e+04
9.266400000000000000e+04
9.355200000000000000e+04
9.304200000000000000e+04
9.177600000000000000e+04
9.294600000000000000e+04
9.230000000000000000e+04
9.306800000000000000e+04
9.266400000000000000e+04
9.222000000000000000e+04
9.257000000000000000e+04
9.265600000000000000e+04
9.318200000000000000e+04
9.257800000000000000e+04
9.169800000000000000e+04
9.252600000000000000e+04
9.233200000000000000e+04
9.234200000000000000e+04
9.288800000000000000e+04
9.290200000000000000e+04
9.234600000000000000e+04
9.314200000000000000e+04
9.241600000000000000e+04
9.176200000000000000e+04
9.228400000000000000e+04
9.209000000000000000e+04
9.199400000000000000e+04
9.292200000000000000e+04
9.229000000000000000e+04
9.194000000000000000e+04
9.169600000000000000e+04
9.265000000000000000e+04
9.289800000000000000e+04
9.122400000000000000e+04
9.291000000000000000e+04
9.276400000000000000e+04
9.254200000000000000e+04
9.306600000000000000e+04
9.377800000000000000e+04
9.259000000000000000e+04
9.295800000000000000e+04
9.220600000000000000e+04
9.379400000000000000e+04
9.340800000000000000e+04
9.240400000000000000e+04
9.302200000000000000e+04
9.222600000000000000e+04
9.277800000000000000e+04
9.300600000000000000e+04
9.320200000000000000e+04
9.333000000000000000e+04
9.258400000000000000e+04
9.229200000000000000e+04
9.329600000000000000e+04
9.230600000000000000e+04
9.262600000000000000e+04
9.390400000000000000e+04
9.305400000000000000e+04
9.282000000000000000e+04
9.259800000000000000e+04
9.355600000000000000e+04
9.294400000000000000e+04
9.196400000000000000e+04
9.225600000000000000e+04
9.227600000000000000e+04
9.188000000000000000e+04
9.255200000000000000e+04
9.226800000000000000e+04
9.213000000000000000e+04
9.282000000000000000e+04
9.271600000000000000e+04
9.294400000000000000e+04
9.224800000000000000e+04
9.206400000000000000e+04
9.244200000000000000e+04
9.232200000000000000e+04
9.233400000000000000e+04
9.245600000000000000e+04
9.269200000000000000e+04
9.248800000000000000e+04
9.303600000000000000e+04
9.312400000000000000e+04
9.279800000000000000e+04
9.246400000000000000e+04
9.250600000000000000e+04
9.256400000000000000e+04
9.271600000000000000e+04
9.287000000000000000e+04
9.244800000000000000e+04
9.280600000000000000e+04
9.221600000000000000e+04
9.287400000000000000e+04
9.294600000000000000e+04
9.307200000000000000e+04
9.290000000000000000e+04
9.247000000000000000e+04
9.210200000000000000e+04
9.255400000000000000e+04
9.320600000000000000e+04
9.288400000000000000e+04
9.283200000000000000e+04
9.324000000000000000e+04
9.227600000000000000e+04
9.255000000000000000e+04
9.325000000000000000e+04
9.223600000000000000e+04
9.299200000000000000e+04
9.241600000000000000e+04
9.234400000000000000e+04
9.225400000000000000e+04
9.244200000000000000e+04
9.242600000000000000e+04
9.255200000000000000e+04
9.198000000000000000e+04
9.244200000000000000e+04
9.304000000000000000e+04
9.282400000000000000e+04
9.297200000000000000e+04
9.236400000000000000e+04
9.241200000000000000e+04
9.273000000000000000e+04
9.241800000000000000e+04
9.204600000000000000e+04
9.224000000000000000e+04
9.190800000000000000e+04
9.313600000000000000e+04
9.303800000000000000e+04
9.159000000000000000e+04
9.273000000000000000e+04
9.295000000000000000e+04
9.252400000000000000e+04
9.225200000000000000e+04
9.332600000000000000e+04
9.252200000000000000e+04
9.248000000000000000e+04
9.197600000000000000e+04
9.195600000000000000e+04
9.276200000000000000e+04
9.222800000000000000e+04
9.188400000000000000e+04
9.287600000000000000e+04
9.202600000000000000e+04
9.181800000000000000e+04
9.212800000000000000e+04
9.235000000000000000e+04
9.269800000000000000e+04
9.231400000000000000e+04
9.303600000000000000e+04
9.231800000000000000e+04
9.248000000000000000e+04
9.163800000000000000e+04
9.270400000000000000e+04
9.206000000000000000e+04
9.199200000000000000e+04
9.256200000000000000e+04
9.245400000000000000e+04
9.217400000000000000e+04
9.209400000000000000e+04
9.198800000000000000e+04
9.159200000000000000e+04
9.229200000000000000e+04
9.192800000000000000e+04
9.196800000000000000e+04
9.258200000000000000e+04
9.240000000000000000e+04
9.186800000000000000e+04
9.236000000000000000e+04
9.267800000000000000e+04
9.285000000000000000e+04
9.197400000000000000e+04
9.297800000000000000e+04
9.256400000000000000e+04
9.256400000000000000e+04
9.240600000000000000e+04
9.229000000000000000e+04
9.305400000000000000e+04
9.298600000000000000e+04
9.259600000000000000e+04
9.296200000000000000e+04
9.308200000000000000e+04
9.249200000000000000e+04
9.184800000000000000e+04
9.321800000000000000e+04
9.279000000000000000e+04
9.309000000000000000e+04
9.230200000000000000e+04
9.305200000000000000e+04
9.307200000000000000e+04
9.259400000000000000e+04
9.288200000000000000e+04
9.255400000000000000e+04
9.191600000000000000e+04
9.240800000000000000e+04
9.193800000000000000e+04
9.232600000000000000e+04
9.199600000000000000e+04
9.266200000000000000e+04
9.256600000000000000e+04
9.224800000000000000e+04
9.238600000000000000e+04
9.187800000000000000e+04
9.357400000000000000e+04
9.291000000000000000e+04
9.200400000000000000e+04
9.177400000000000000e+04
9.242400000000000000e+04
9.227400000000000000e+04
9.291200000000000000e+04
9.284200000000000000e+04
9.203400000000000000e+04
9.238000000000000000e+04
9.331400000000000000e+04
9.218200000000000000e+04
9.236400000000000000e+04
9.227000000000000000e+04
9.275800000000000000e+04
9.271800000000000000e+04
9.192200000000000000e+04
9.232400000000000000e+04
9.286000000000000000e+04
9.188400000000000000e+04
9.236800000000000000e+04
9.215600000000000000e+04
9.254800000000000000e+04
9.251600000000000000e+04
9.287800000000000000e+04
9.282000000000000000e+04
9.311800000000000000e+04
9.277000000000000000e+04
9.312000000000000000e+04
9.282400000000000000e+04
9.223600000000000000e+04
9.257000000000000000e+04
9.256800000000000000e+04
9.200800000000000000e+04
9.205400000000000000e+04
9.247800000000000000e+04
9.303200000000000000e+04
9.318400000000000000e+04
9.275400000000000000e+04
9.192400000000000000e+04
9.299200000000000000e+04
9.278800000000000000e+04
9.228400000000000000e+04
9.302000000000000000e+04
9.269800000000000000e+04
9.262000000000000000e+04
9.271000000000000000e+04
9.335400000000000000e+04
9.219400000000000000e+04
9.233200000000000000e+04
9.282400000000000000e+04
9.276000000000000000e+04
9.268200000000000000e+04
9.265800000000000000e+04
9.248600000000000000e+04
9.252200000000000000e+04
9.232800000000000000e+04
9.244000000000000000e+04
9.281200000000000000e+04
9.249000000000000000e+04
9.242200000000000000e+04
9.246400000000000000e+04
9.278400000000000000e+04
9.253000000000000000e+04
9.298200000000000000e+04
9.361600000000000000e+04
9.237000000000000000e+04
9.269800000000000000e+04
9.213000000000000000e+04
9.309600000000000000e+04
9.300200000000000000e+04
9.281000000000000000e+04
9.226400000000000000e+04
9.335200000000000000e+04
9.336000000000000000e+04
9.280600000000000000e+04
9.253400000000000000e+04
9.286600000000000000e+04
9.293400000000000000e+04
9.200000000000000000e+04
9.221600000000000000e+04
9.180200000000000000e+04
9.135800000000000000e+04
9.198600000000000000e+04
9.250000000000000000e+04
9.252800000000000000e+04
9.248400000000000000e+04
9.384000000000000000e+04
9.277000000000000000e+04
9.246400000000000000e+04
9.228000000000000000e+04
9.283800000000000000e+04
9.192200000000000000e+04
9.294600000000000000e+04
9.298400000000000000e+04
9.234800000000000000e+04
9.237200000000000000e+04
9.215800000000000000e+04
9.206200000000000000e+04
9.262800000000000000e+04
9.314000000000000000e+04
9.276200000000000000e+04
9.220200000000000000e+04
9.222800000000000000e+04
9.233800000000000000e+04
9.233600000000000000e+04
9.280600000000000000e+04
9.327200000000000000e+04
9.273200000000000000e+04
9.271000000000000000e+04
9.260400000000000000e+04
9.327400000000000000e+04
9.200400000000000000e+04
9.248800000000000000e+04
9.263600000000000000e+04
9.286400000000000000e+04
9.289400000000000000e+04
9.308800000000000000e+04
9.310000000000000000e+04
9.252600000000000000e+04
9.268000000000000000e+04
9.236000000000000000e+04
9.275000000000000000e+04
9.214600000000000000e+04
9.257600000000000000e+04
9.264400000000000000e+04
9.344600000000000000e+04
9.349600000000000000e+04
9.225200000000000000e+04
9.275200000000000000e+04
9.304200000000000000e+04
9.279200000000000000e+04
9.275200000000000000e+04
9.274800000000000000e+04
9.374800000000000000e+04
9.277800000000000000e+04
9.309600000000000000e+04
9.303000000000000000e+04
9.227000000000000000e+04
9.279200000000000000e+04
9.348200000000000000e+04
9.297600000000000000e+04
9.302800000000000000e+04
9.386800000000000000e+04
9.339000000000000000e+04
9.345200000000000000e+04
9.261600000000000000e+04
9.319800000000000000e+04
9.354400000000000000e+04
9.342400000000000000e+04
9.324800000000000000e+04
9.311200000000000000e+04
9.307600000000000000e+04
9.302800000000000000e+04
9.298600000000000000e+04
9.275400000000000000e+04
9.340600000000000000e+04
9.288400000000000000e+04
9.256800000000000000e+04
9.326400000000000000e+04
9.309200000000000000e+04
9.265400000000000000e+04
9.307200000000000000e+04
9.314600000000000000e+04
9.296600000000000000e+04
9.329200000000000000e+04
9.286600000000000000e+04
9.249200000000000000e+04
9.203800000000000000e+04
9.196600000000000000e+04
9.244000000000000000e+04
9.256600000000000000e+04
9.259800000000000000e+04
9.243600000000000000e+04
9.258000000000000000e+04
9.272000000000000000e+04
9.278400000000000000e+04
9.290200000000000000e+04
9.349800000000000000e+04
9.310600000000000000e+04
9.356000000000000000e+04
9.349000000000000000e+04
9.212400000000000000e+04
9.366000000000000000e+04
9.306000000000000000e+04
9.336600000000000000e+04
9.344200000000000000e+04
9.272800000000000000e+04
9.282800000000000000e+04
9.317200000000000000e+04
9.267000000000000000e+04
9.252200000000000000e+04
9.302600000000000000e+04
9.237400000000000000e+04
9.195400000000000000e+04
9.237800000000000000e+04
9.293600000000000000e+04
9.257800000000000000e+04
9.241200000000000000e+04
9.317600000000000000e+04
9.289800000000000000e+04
9.215000000000000000e+04
9.291400000000000000e+04
9.262400000000000000e+04
9.274600000000000000e+04
9.265200000000000000e+04
9.221600000000000000e+04
9.322000000000000000e+04
9.284200000000000000e+04
9.205000000000000000e+04
9.291200000000000000e+04
9.370400000000000000e+04
9.283200000000000000e+04
9.277400000000000000e+04
9.233600000000000000e+04
9.254600000000000000e+04
9.234000000000000000e+04
9.221800000000000000e+04
9.273000000000000000e+04
9.301800000000000000e+04
9.284000000000000000e+04
9.244400000000000000e+04
9.269200000000000000e+04
9.214400000000000000e+04
9.262000000000000000e+04
9.285600000000000000e+04
9.285400000000000000e+04
9.274600000000000000e+04
9.254800000000000000e+04
9.262400000000000000e+04
9.312200000000000000e+04
9.321400000000000000e+04
9.278200000000000000e+04
9.365200000000000000e+04
9.324000000000000000e+04
9.396200000000000000e+04
9.355400000000000000e+04
9.350200000000000000e+04
9.276600000000000000e+04
9.284600000000000000e+04
9.347400000000000000e+04
9.251200000000000000e+04
9.272400000000000000e+04
9.299800000000000000e+04
9.310000000000000000e+04
9.217200000000000000e+04
9.252000000000000000e+04
9.290800000000000000e+04
9.312400000000000000e+04
9.325200000000000000e+04
9.264400000000000000e+04
9.275600000000000000e+04
9.268800000000000000e+04
9.226800000000000000e+04
9.285000000000000000e+04
9.156600000000000000e+04
9.285800000000000000e+04
9.251800000000000000e+04
9.336600000000000000e+04
9.298200000000000000e+04
9.307400000000000000e+04
9.271200000000000000e+04
9.243000000000000000e+04
9.276200000000000000e+04
9.333400000000000000e+04
9.335600000000000000e+04
9.323000000000000000e+04
9.310800000000000000e+04
9.188200000000000000e+04
9.209600000000000000e+04
9.269200000000000000e+04
9.272000000000000000e+04
9.225800000000000000e+04
9.271200000000000000e+04
9.277800000000000000e+04
9.267800000000000000e+04
9.380400000000000000e+04
9.283600000000000000e+04
9.197200000000000000e+04
9.273800000000000000e+04
9.206200000000000000e+04
9.209800000000000000e+04
9.255800000000000000e+04
9.199400000000000000e+04
9.230400000000000000e+04
9.200400000000000000e+04
9.267000000000000000e+04
9.221600000000000000e+04
9.265400000000000000e+04
9.243600000000000000e+04
9.233000000000000000e+04
9.237400000000000000e+04
9.223600000000000000e+04
9.208400000000000000e+04
9.268400000000000000e+04
9.286000000000000000e+04
9.235600000000000000e+04
9.265000000000000000e+04
9.269400000000000000e+04
9.260200000000000000e+04
9.254200000000000000e+04
9.242800000000000000e+04
9.249800000000000000e+04
9.220000000000000000e+04
9.218600000000000000e+04
9.281600000000000000e+04
9.311800000000000000e+04
9.250400000000000000e+04
9.212000000000000000e+04
9.337400000000000000e+04
9.251800000000000000e+04
9.221200000000000000e+04
9.279600000000000000e+04
9.323400000000000000e+04
9.211600000000000000e+04
9.278200000000000000e+04
9.299400000000000000e+04
9.315000000000000000e+04
9.233800000000000000e+04
9.312000000000000000e+04
9.261600000000000000e+04
9.238400000000000000e+04
9.220000000000000000e+04
9.235800000000000000e+04
9.341000000000000000e+04
9.200600000000000000e+04
9.275000000000000000e+04
9.226000000000000000e+04
9.299000000000000000e+04
9.255800000000000000e+04
9.330600000000000000e+04
9.231800000000000000e+04
9.235600000000000000e+04
9.188600000000000000e+04
9.240600000000000000e+04
9.272000000000000000e+04
9.229400000000000000e+04
9.170000000000000000e+04
9.259200000000000000e+04
9.232200000000000000e+04
9.154200000000000000e+04
9.187600000000000000e+04
9.202600000000000000e+04
9.199200000000000000e+04
9.169400000000000000e+04
9.215400000000000000e+04
9.150400000000000000e+04
9.286600000000000000e+04
9.260400000000000000e+04
9.229800000000000000e+04
9.188200000000000000e+04
9.176400000000000000e+04
9.189400000000000000e+04
9.238600000000000000e+04
9.242400000000000000e+04
9.172200000000000000e+04
9.142000000000000000e+04
9.167400000000000000e+04
9.186000000000000000e+04
9.162600000000000000e+04
9.229200000000000000e+04
9.235000000000000000e+04
9.210000000000000000e+04
9.244800000000000000e+04
9.254800000000000000e+04
9.184600000000000000e+04
9.181800000000000000e+04
9.292800000000000000e+04
9.283800000000000000e+04
9.269200000000000000e+04
9.259600000000000000e+04
9.241800000000000000e+04
9.280000000000000000e+04
9.207000000000000000e+04
9.272000000000000000e+04
9.232800000000000000e+04
9.244000000000000000e+04
9.205800000000000000e+04
9.275000000000000000e+04
9.230600000000000000e+04
9.259400000000000000e+04
9.270000000000000000e+04
9.193800000000000000e+04
9.195800000000000000e+04
9.151200000000000000e+04
9.212400000000000000e+04
9.210400000000000000e+04
9.210600000000000000e+04
9.170400000000000000e+04
9.246000000000000000e+04
9.180200000000000000e+04
9.220800000000000000e+04
9.239000000000000000e+04
9.265000000000000000e+04
9.187400000000000000e+04
9.128400000000000000e+04
9.241800000000000000e+04
9.261800000000000000e+04
9.215800000000000000e+04
9.290000000000000000e+04
9.299000000000000000e+04
9.193400000000000000e+04
9.226400000000000000e+04
9.250600000000000000e+04
9.207600000000000000e+04
9.201600000000000000e+04
9.224000000000000000e+04
9.187400000000000000e+04
9.237000000000000000e+04
9.205200000000000000e+04
9.186800000000000000e+04
9.254000000000000000e+04
9.270600000000000000e+04
9.289600000000000000e+04
9.210000000000000000e+04
9.209400000000000000e+04
9.230800000000000000e+04
9.253200000000000000e+04
9.263800000000000000e+04
9.259400000000000000e+04
9.239800000000000000e+04
9.250400000000000000e+04
9.235000000000000000e+04
9.294000000000000000e+04
9.305200000000000000e+04
9.274200000000000000e+04
9.250800000000000000e+04
9.257200000000000000e+04
9.305600000000000000e+04
9.250600000000000000e+04
9.324000000000000000e+04
9.239200000000000000e+04
9.254600000000000000e+04
9.160600000000000000e+04
9.254400000000000000e+04
9.229000000000000000e+04
9.154000000000000000e+04
9.197600000000000000e+04
9.159600000000000000e+04
9.191000000000000000e+04
9.226600000000000000e+04
9.214800000000000000e+04
9.166000000000000000e+04
9.168400000000000000e+04
9.268600000000000000e+04
9.295600000000000000e+04
9.282000000000000000e+04
9.273800000000000000e+04
9.228800000000000000e+04
9.262200000000000000e+04
9.284400000000000000e+04
9.299600000000000000e+04
9.234400000000000000e+04
9.286600000000000000e+04
9.304400000000000000e+04
9.310800000000000000e+04
9.212400000000000000e+04
9.305800000000000000e+04
9.336200000000000000e+04
9.279200000000000000e+04
9.225800000000000000e+04
9.284000000000000000e+04
9.319600000000000000e+04
9.365200000000000000e+04
9.199400000000000000e+04
9.331800000000000000e+04
9.215200000000000000e+04
9.290000000000000000e+04
9.298400000000000000e+04
9.282600000000000000e+04
9.264200000000000000e+04
9.250200000000000000e+04
9.329400000000000000e+04
9.212800000000000000e+04
9.315800000000000000e+04
9.304400000000000000e+04
9.245200000000000000e+04
9.336800000000000000e+04
9.218400000000000000e+04
9.294600000000000000e+04
9.332800000000000000e+04
9.199800000000000000e+04
9.188800000000000000e+04
9.221800000000000000e+04
9.149400000000000000e+04
9.202400000000000000e+04
9.230000000000000000e+04
9.227400000000000000e+04
9.231800000000000000e+04
9.183600000000000000e+04
9.248400000000000000e+04
9.248200000000000000e+04
9.308600000000000000e+04
9.250600000000000000e+04
9.266600000000000000e+04
9.246200000000000000e+04
9.200600000000000000e+04
9.216000000000000000e+04
9.191400000000000000e+04
9.232000000000000000e+04
9.245400000000000000e+04
9.281800000000000000e+04
9.252200000000000000e+04
9.196800000000000000e+04
9.274600000000000000e+04
9.274800000000000000e+04
9.253600000000000000e+04
9.197200000000000000e+04
9.195600000000000000e+04
9.244800000000000000e+04
9.214600000000000000e+04
9.161000000000000000e+04
9.180800000000000000e+04
9.243400000000000000e+04
9.209200000000000000e+04
9.242000000000000000e+04
9.189000000000000000e+04
9.202600000000000000e+04
9.174000000000000000e+04
9.208400000000000000e+04
9.283800000000000000e+04
9.201200000000000000e+04
9.282000000000000000e+04
9.197600000000000000e+04
9.201600000000000000e+04
9.182400000000000000e+04
9.274400000000000000e+04
9.226800000000000000e+04
9.173800000000000000e+04
9.271600000000000000e+04
9.222000000000000000e+04
9.205800000000000000e+04
9.346600000000000000e+04
9.203000000000000000e+04
9.162000000000000000e+04
9.283000000000000000e+04
9.309800000000000000e+04
9.237000000000000000e+04
9.251000000000000000e+04
9.195000000000000000e+04
9.188400000000000000e+04
9.246600000000000000e+04
9.183000000000000000e+04
9.235200000000000000e+04
9.209800000000000000e+04
9.203800000000000000e+04
9.230200000000000000e+04
9.201200000000000000e+04
9.224000000000000000e+04
9.238400000000000000e+04
9.234200000000000000e+04
9.214400000000000000e+04
9.239200000000000000e+04
9.189000000000000000e+04
9.224600000000000000e+04
9.199000000000000000e+04
9.246400000000000000e+04
9.225200000000000000e+04
9.197800000000000000e+04
9.246200000000000000e+04
9.315400000000000000e+04
9.226200000000000000e+04
9.272000000000000000e+04
9.242800000000000000e+04
9.196000000000000000e+04
9.155400000000000000e+04
9.140400000000000000e+04
9.223400000000000000e+04
9.210800000000000000e+04
9.190600000000000000e+04
9.219800000000000000e+04
9.202200000000000000e+04
9.210000000000000000e+04
9.286200000000000000e+04
9.278600000000000000e+04
9.175400000000000000e+04
9.158600000000000000e+04
9.174600000000000000e+04
9.296800000000000000e+04
9.173600000000000000e+04
9.200400000000000000e+04
9.223800000000000000e+04
9.291600000000000000e+04
9.235400000000000000e+04
9.245800000000000000e+04
9.303000000000000000e+04
9.243400000000000000e+04
9.243400000000000000e+04
9.293200000000000000e+04
9.223000000000000000e+04
9.233800000000000000e+04
9.239600000000000000e+04
9.236200000000000000e+04
9.238400000000000000e+04
9.282400000000000000e+04
9.272000000000000000e+04
9.218800000000000000e+04
9.212600000000000000e+04
9.199400000000000000e+04
9.184200000000000000e+04
9.231200000000000000e+04
9.272200000000000000e+04
9.211000000000000000e+04
9.271200000000000000e+04
9.211400000000000000e+04
9.340600000000000000e+04
9.182800000000000000e+04
9.230800000000000000e+04
9.248600000000000000e+04
9.175400000000000000e+04
9.224800000000000000e+04
9.251800000000000000e+04
9.253000000000000000e+04
9.203000000000000000e+04
9.264600000000000000e+04
9.221200000000000000e+04
9.239000000000000000e+04
9.212800000000000000e+04
9.286800000000000000e+04
9.273000000000000000e+04
9.192000000000000000e+04
9.237600000000000000e+04
9.240200000000000000e+04
9.193800000000000000e+04
9.212400000000000000e+04
9.239400000000000000e+04
9.259400000000000000e+04
9.159200000000000000e+04
9.227800000000000000e+04
9.220800000000000000e+04
9.247200000000000000e+04
9.286200000000000000e+04
9.258800000000000000e+04
9.198000000000000000e+04
9.380400000000000000e+04
9.275400000000000000e+04
9.244600000000000000e+04
9.263000000000000000e+04
9.191600000000000000e+04
9.213200000000000000e+04
9.242400000000000000e+04
9.140000000000000000e+04
9.227200000000000000e+04
9.206800000000000000e+04
9.173800000000000000e+04
9.168400000000000000e+04
9.182600000000000000e+04
9.219200000000000000e+04
9.233600000000000000e+04
9.191600000000000000e+04
9.251000000000000000e+04
9.216800000000000000e+04
9.232400000000000000e+04
9.290400000000000000e+04
9.218000000000000000e+04
9.277000000000000000e+04
9.208000000000000000e+04
9.269600000000000000e+04
9.196400000000000000e+04
9.173400000000000000e+04
9.190600000000000000e+04
9.172200000000000000e+04
9.168200000000000000e+04
9.222400000000000000e+04
9.230000000000000000e+04
9.228600000000000000e+04
9.148200000000000000e+04
9.200600000000000000e+04
9.207800000000000000e+04
9.241600000000000000e+04
9.256600000000000000e+04
9.255400000000000000e+04
9.171000000000000000e+04
9.163600000000000000e+04
9.213800000000000000e+04
9.237400000000000000e+04
9.200400000000000000e+04
9.236600000000000000e+04
9.230400000000000000e+04
9.246400000000000000e+04
9.236200000000000000e+04
9.201600000000000000e+04
9.131000000000000000e+04
9.164800000000000000e+04
9.159800000000000000e+04
9.169800000000000000e+04
9.182600000000000000e+04
9.226400000000000000e+04
9.141200000000000000e+04
9.142600000000000000e+04
9.179200000000000000e+04
9.155600000000000000e+04
9.203600000000000000e+04
9.080200000000000000e+04
9.144800000000000000e+04
9.126400000000000000e+04
9.166000000000000000e+04
9.141200000000000000e+04
9.176000000000000000e+04
9.175200000000000000e+04
9.186000000000000000e+04
9.111800000000000000e+04
9.151000000000000000e+04
9.190200000000000000e+04
9.237800000000000000e+04
9.241400000000000000e+04
9.198400000000000000e+04
9.200800000000000000e+04
9.223000000000000000e+04
9.165400000000000000e+04
9.112600000000000000e+04
9.239600000000000000e+04
9.238000000000000000e+04
9.213400000000000000e+04
9.159600000000000000e+04
9.167600000000000000e+04
9.204600000000000000e+04
9.107200000000000000e+04
9.214800000000000000e+04
9.205600000000000000e+04
9.258400000000000000e+04
9.213400000000000000e+04
9.204600000000000000e+04
9.155200000000000000e+04
9.221400000000000000e+04
9.150400000000000000e+04
9.222400000000000000e+04
9.181000000000000000e+04
9.196800000000000000e+04
9.262200000000000000e+04
9.220400000000000000e+04
9.271800000000000000e+04
9.193600000000000000e+04
9.233600000000000000e+04
9.210600000000000000e+04
9.267800000000000000e+04
9.191600000000000000e+04
9.310800000000000000e+04
9.237000000000000000e+04
9.222400000000000000e+04
9.113200000000000000e+04
9.163400000000000000e+04
9.283400000000000000e+04
9.212400000000000000e+04
9.254600000000000000e+04
9.216200000000000000e+04
9.212000000000000000e+04
9.146000000000000000e+04
9.195200000000000000e+04
9.183200000000000000e+04
9.180600000000000000e+04
9.115000000000000000e+04
9.188400000000000000e+04
9.117600000000000000e+04
9.204600000000000000e+04
9.142200000000000000e+04
9.229000000000000000e+04
9.135200000000000000e+04
9.186600000000000000e+04
9.229200000000000000e+04
9.201000000000000000e+04
9.225000000000000000e+04
9.193000000000000000e+04
9.136000000000000000e+04
9.166200000000000000e+04
9.263600000000000000e+04
9.220000000000000000e+04
9.193400000000000000e+04
9.194400000000000000e+04
9.269800000000000000e+04
9.249600000000000000e+04
9.347200000000000000e+04
9.189000000000000000e+04
9.223600000000000000e+04
9.297000000000000000e+04
9.286800000000000000e+04
9.227600000000000000e+04
9.195600000000000000e+04
9.205000000000000000e+04
9.222200000000000000e+04
9.243400000000000000e+04
9.254800000000000000e+04
9.241800000000000000e+04
9.247400000000000000e+04
9.185400000000000000e+04
9.195600000000000000e+04
9.151400000000000000e+04
9.251800000000000000e+04
9.292800000000000000e+04
9.284200000000000000e+04
9.291000000000000000e+04
9.210200000000000000e+04
9.240600000000000000e+04
9.253000000000000000e+04
9.243600000000000000e+04
9.191800000000000000e+04
9.241400000000000000e+04
9.227400000000000000e+04
9.304200000000000000e+04
9.205600000000000000e+04
9.338400000000000000e+04
9.327600000000000000e+04
9.276000000000000000e+04
9.253800000000000000e+04
9.241400000000000000e+04
9.206600000000000000e+04
9.206800000000000000e+04
9.254200000000000000e+04
9.185600000000000000e+04
9.247600000000000000e+04
9.267000000000000000e+04
9.425400000000000000e+04
9.245000000000000000e+04
9.274600000000000000e+04
9.231800000000000000e+04
9.287200000000000000e+04
9.220000000000000000e+04
9.208800000000000000e+04
9.237000000000000000e+04
9.180000000000000000e+04
9.194200000000000000e+04
9.268200000000000000e+04
9.209200000000000000e+04
9.228400000000000000e+04
9.226200000000000000e+04
9.254600000000000000e+04
9.164800000000000000e+04
9.190200000000000000e+04
9.251200000000000000e+04
9.203800000000000000e+04
9.259600000000000000e+04
9.239600000000000000e+04
9.190200000000000000e+04
9.251000000000000000e+04
9.276400000000000000e+04
9.296800000000000000e+04
9.187400000000000000e+04
9.200400000000000000e+04
9.306400000000000000e+04
9.315200000000000000e+04
9.194600000000000000e+04
9.239600000000000000e+04
9.151000000000000000e+04
9.222800000000000000e+04
9.226000000000000000e+04
9.199600000000000000e+04
9.224200000000000000e+04
9.199600000000000000e+04
9.173400000000000000e+04
9.158600000000000000e+04
9.203600000000000000e+04
9.216400000000000000e+04
9.251600000000000000e+04
9.280200000000000000e+04
9.232200000000000000e+04
9.276000000000000000e+04
9.209400000000000000e+04
9.257800000000000000e+04
9.287400000000000000e+04
9.150400000000000000e+04
9.264600000000000000e+04
9.243200000000000000e+04
9.265600000000000000e+04
9.275400000000000000e+04
9.237000000000000000e+04
9.224800000000000000e+04
9.225800000000000000e+04
9.195000000000000000e+04
9.243800000000000000e+04
9.244400000000000000e+04
9.257000000000000000e+04
9.180400000000000000e+04
9.268200000000000000e+04
9.267400000000000000e+04
9.221600000000000000e+04
9.283200000000000000e+04
9.243400000000000000e+04
9.205200000000000000e+04
9.229800000000000000e+04
9.223200000000000000e+04
9.240600000000000000e+04
9.219800000000000000e+04
9.249600000000000000e+04
9.348000000000000000e+04
9.261600000000000000e+04
9.219600000000000000e+04
9.299000000000000000e+04
9.224200000000000000e+04
9.269800000000000000e+04
9.157200000000000000e+04
9.237000000000000000e+04
9.199200000000000000e+04
9.283200000000000000e+04
9.268600000000000000e+04
9.216400000000000000e+04
9.328800000000000000e+04
9.177000000000000000e+04
9.184000000000000000e+04
9.261600000000000000e+04
9.236800000000000000e+04
9.257800000000000000e+04
9.234800000000000000e+04
9.270000000000000000e+04
9.269200000000000000e+04
9.222600000000000000e+04
9.167400000000000000e+04
9.152800000000000000e+04
9.277200000000000000e+04
9.209600000000000000e+04
9.239600000000000000e+04
9.208200000000000000e+04
9.218200000000000000e+04
9.210200000000000000e+04
9.276400000000000000e+04
9.298600000000000000e+04
9.268400000000000000e+04
9.294400000000000000e+04
9.266000000000000000e+04
9.239600000000000000e+04
9.289600000000000000e+04
9.226600000000000000e+04
9.259600000000000000e+04
9.141800000000000000e+04
9.265000000000000000e+04
9.257200000000000000e+04
9.222800000000000000e+04
9.237200000000000000e+04
9.292800000000000000e+04
9.171200000000000000e+04
9.233800000000000000e+04
9.220000000000000000e+04
9.328000000000000000e+04
9.311800000000000000e+04
9.315200000000000000e+04
9.298000000000000000e+04
9.239000000000000000e+04
9.254800000000000000e+04
9.218400000000000000e+04
9.228000000000000000e+04
9.263000000000000000e+04
9.279600000000000000e+04
9.296600000000000000e+04
9.320000000000000000e+04
9.257400000000000000e+04
9.250200000000000000e+04
9.283200000000000000e+04
9.262400000000000000e+04
9.260000000000000000e+04
9.367600000000000000e+04
9.342600000000000000e+04
9.293200000000000000e+04
9.230400000000000000e+04
9.297600000000000000e+04
9.264400000000000000e+04
9.328800000000000000e+04
9.291600000000000000e+04
9.267800000000000000e+04
9.207800000000000000e+04
9.293800000000000000e+04
9.235400000000000000e+04
9.279000000000000000e+04
9.227200000000000000e+04
9.200800000000000000e+04
9.226200000000000000e+04
9.247600000000000000e+04
9.224800000000000000e+04
9.191200000000000000e+04
9.289000000000000000e+04
9.226200000000000000e+04
9.254600000000000000e+04
9.213400000000000000e+04
9.203800000000000000e+04
9.247800000000000000e+04
9.275800000000000000e+04
9.210800000000000000e+04
9.176800000000000000e+04
9.230800000000000000e+04
9.233400000000000000e+04
9.213000000000000000e+04
9.216800000000000000e+04
9.294200000000000000e+04
9.214800000000000000e+04
9.268200000000000000e+04
9.248000000000000000e+04
9.166000000000000000e+04
9.288800000000000000e+04
9.237000000000000000e+04
9.274200000000000000e+04
9.251200000000000000e+04
9.210400000000000000e+04
9.275000000000000000e+04
9.204400000000000000e+04
9.235800000000000000e+04
9.276000000000000000e+04
9.250800000000000000e+04
9.306400000000000000e+04
9.277200000000000000e+04
9.269400000000000000e+04
9.310200000000000000e+04
9.312400000000000000e+04
9.296200000000000000e+04
9.311600000000000000e+04
9.263400000000000000e+04
9.297400000000000000e+04
9.296400000000000000e+04
9.291600000000000000e+04
9.263000000000000000e+04
9.285400000000000000e+04
9.255200000000000000e+04
9.273000000000000000e+04
9.286800000000000000e+04
9.218600000000000000e+04
9.263200000000000000e+04
9.246400000000000000e+04
9.239000000000000000e+04
9.283600000000000000e+04
9.281800000000000000e+04
9.276800000000000000e+04
9.204600000000000000e+04
9.333600000000000000e+04
9.291800000000000000e+04
9.169600000000000000e+04
9.273000000000000000e+04
9.250600000000000000e+04
9.249400000000000000e+04
9.286200000000000000e+04
9.248000000000000000e+04
9.302800000000000000e+04
9.209800000000000000e+04
9.257000000000000000e+04
9.286800000000000000e+04
9.239400000000000000e+04
9.237000000000000000e+04
9.251600000000000000e+04
9.184800000000000000e+04
9.206800000000000000e+04
9.276400000000000000e+04
9.256600000000000000e+04
9.228200000000000000e+04
9.263600000000000000e+04
9.264800000000000000e+04
9.284200000000000000e+04
9.218200000000000000e+04
9.205000000000000000e+04
9.263200000000000000e+04
9.197000000000000000e+04
9.240400000000000000e+04
9.180800000000000000e+04
9.233400000000000000e+04
9.282400000000000000e+04
9.261600000000000000e+04
9.187400000000000000e+04
9.240000000000000000e+04
9.172200000000000000e+04
9.225000000000000000e+04
9.288000000000000000e+04
9.234800000000000000e+04
9.230000000000000000e+04
9.320400000000000000e+04
9.261600000000000000e+04
9.237000000000000000e+04
9.289800000000000000e+04
9.199000000000000000e+04
9.262400000000000000e+04
9.279800000000000000e+04
9.269200000000000000e+04
9.258400000000000000e+04
9.209200000000000000e+04
9.245400000000000000e+04
9.289400000000000000e+04
9.268400000000000000e+04
9.217000000000000000e+04
9.261800000000000000e+04
9.311600000000000000e+04
9.353600000000000000e+04
9.236800000000000000e+04
9.311800000000000000e+04
9.316200000000000000e+04
9.231000000000000000e+04
9.264000000000000000e+04
9.250800000000000000e+04
9.379600000000000000e+04
9.276000000000000000e+04
9.246800000000000000e+04
9.307600000000000000e+04
9.280800000000000000e+04
9.240200000000000000e+04
9.167200000000000000e+04
9.219200000000000000e+04
9.276200000000000000e+04
9.275400000000000000e+04
9.206800000000000000e+04
9.302200000000000000e+04
9.274000000000000000e+04
9.184200000000000000e+04
9.313400000000000000e+04
9.142000000000000000e+04
9.262000000000000000e+04
9.167800000000000000e+04
9.184400000000000000e+04
9.158800000000000000e+04
9.210400000000000000e+04
9.215200000000000000e+04
9.177600000000000000e+04
9.300200000000000000e+04
9.162200000000000000e+04
9.249600000000000000e+04
9.289800000000000000e+04
9.211600000000000000e+04
9.218200000000000000e+04
9.272000000000000000e+04
9.216400000000000000e+04
9.300400000000000000e+04
9.256000000000000000e+04
9.178400000000000000e+04
9.273200000000000000e+04
9.230000000000000000e+04
9.187400000000000000e+04
9.156000000000000000e+04
9.232600000000000000e+04
9.208200000000000000e+04
9.253800000000000000e+04
9.290800000000000000e+04
9.231600000000000000e+04
9.293200000000000000e+04
9.226400000000000000e+04
9.141200000000000000e+04
9.236200000000000000e+04
9.270000000000000000e+04
9.169000000000000000e+04
9.165000000000000000e+04
9.194600000000000000e+04
9.201600000000000000e+04
9.167200000000000000e+04
9.277600000000000000e+04
9.302800000000000000e+04
9.256800000000000000e+04
9.218800000000000000e+04
9.181600000000000000e+04
9.233800000000000000e+04
9.238800000000000000e+04
9.232600000000000000e+04
9.218400000000000000e+04
9.194800000000000000e+04
9.242800000000000000e+04
9.296000000000000000e+04
9.226800000000000000e+04
9.277400000000000000e+04
9.204600000000000000e+04
9.329200000000000000e+04
9.168800000000000000e+04
9.251000000000000000e+04
9.283000000000000000e+04
9.288800000000000000e+04
9.229200000000000000e+04
9.238600000000000000e+04
9.271400000000000000e+04
9.254800000000000000e+04
9.246000000000000000e+04
9.262000000000000000e+04
9.233200000000000000e+04
9.197000000000000000e+04
9.271000000000000000e+04
9.230200000000000000e+04
9.189000000000000000e+04
9.231000000000000000e+04
9.169400000000000000e+04
9.175600000000000000e+04
9.239800000000000000e+04
9.224200000000000000e+04
9.151000000000000000e+04
9.249400000000000000e+04
9.269000000000000000e+04
9.224800000000000000e+04
9.233000000000000000e+04
9.265800000000000000e+04
9.228600000000000000e+04
9.225400000000000000e+04
9.155000000000000000e+04
9.293000000000000000e+04
9.254200000000000000e+04
9.266400000000000000e+04
9.282800000000000000e+04
9.218000000000000000e+04
9.220000000000000000e+04
9.277200000000000000e+04
9.257200000000000000e+04
9.296600000000000000e+04
9.254200000000000000e+04
9.315400000000000000e+04
9.194200000000000000e+04
9.223000000000000000e+04
9.251600000000000000e+04
9.283200000000000000e+04
9.295000000000000000e+04
9.300800000000000000e+04
9.311600000000000000e+04
9.249000000000000000e+04
9.337000000000000000e+04
9.237000000000000000e+04
9.221400000000000000e+04
9.251800000000000000e+04
9.329200000000000000e+04
9.291000000000000000e+04
9.233400000000000000e+04
9.305800000000000000e+04
9.269400000000000000e+04
9.237200000000000000e+04
9.246400000000000000e+04
9.271600000000000000e+04
9.322600000000000000e+04
9.328600000000000000e+04
9.282800000000000000e+04
9.223400000000000000e+04
9.296200000000000000e+04
9.246400000000000000e+04
9.280200000000000000e+04
9.292200000000000000e+04
9.255600000000000000e+04
9.245600000000000000e+04
9.301400000000000000e+04
9.275800000000000000e+04
9.284200000000000000e+04
9.337800000000000000e+04
9.283000000000000000e+04
9.217000000000000000e+04
9.240200000000000000e+04
9.232200000000000000e+04
9.205800000000000000e+04
9.229600000000000000e+04
9.212800000000000000e+04
9.216800000000000000e+04
9.243600000000000000e+04
9.263800000000000000e+04
9.210600000000000000e+04
9.308400000000000000e+04
9.257800000000000000e+04
9.234400000000000000e+04
9.212000000000000000e+04
9.260800000000000000e+04
9.287800000000000000e+04
9.226200000000000000e+04
9.323200000000000000e+04
9.241000000000000000e+04
9.245800000000000000e+04
9.294400000000000000e+04
9.200800000000000000e+04
9.256600000000000000e+04
9.265000000000000000e+04
9.212000000000000000e+04
9.318600000000000000e+04
9.274400000000000000e+04
9.273000000000000000e+04
9.268600000000000000e+04
9.231000000000000000e+04
9.224600000000000000e+04
9.217800000000000000e+04
9.243600000000000000e+04
9.265000000000000000e+04
9.200200000000000000e+04
9.207400000000000000e+04
9.210200000000000000e+04
9.209200000000000000e+04
9.182800000000000000e+04
9.201200000000000000e+04
9.206800000000000000e+04
9.285800000000000000e+04
9.192400000000000000e+04
9.160200000000000000e+04
9.210200000000000000e+04
9.191600000000000000e+04
9.184400000000000000e+04
9.149000000000000000e+04
9.236800000000000000e+04
9.210200000000000000e+04
9.231400000000000000e+04
9.177800000000000000e+04
9.154600000000000000e+04
9.200400000000000000e+04
9.198000000000000000e+04
9.251200000000000000e+04
9.180000000000000000e+04
9.185800000000000000e+04
9.254600000000000000e+04
9.203400000000000000e+04
9.184800000000000000e+04
9.251600000000000000e+04
9.195400000000000000e+04
9.259000000000000000e+04
9.241800000000000000e+04
9.217000000000000000e+04
9.247000000000000000e+04
9.201600000000000000e+04
9.262800000000000000e+04
9.316600000000000000e+04
9.208400000000000000e+04
9.129600000000000000e+04
9.179800000000000000e+04
9.210200000000000000e+04
9.242000000000000000e+04
9.166400000000000000e+04
9.201000000000000000e+04
9.222400000000000000e+04
9.162800000000000000e+04
9.216000000000000000e+04
9.144400000000000000e+04
9.211800000000000000e+04
9.234400000000000000e+04
9.182000000000000000e+04
9.212000000000000000e+04
9.170800000000000000e+04
9.253600000000000000e+04
9.255800000000000000e+04
9.249400000000000000e+04
9.194400000000000000e+04
9.200200000000000000e+04
9.319400000000000000e+04
9.154800000000000000e+04
9.193400000000000000e+04
9.234200000000000000e+04
9.192800000000000000e+04
9.205800000000000000e+04
9.175000000000000000e+04
9.150200000000000000e+04
9.211800000000000000e+04
9.220000000000000000e+04
9.207200000000000000e+04
9.152800000000000000e+04
9.213000000000000000e+04
9.165800000000000000e+04
9.194200000000000000e+04
9.196600000000000000e+04
9.188600000000000000e+04
9.290400000000000000e+04
9.300600000000000000e+04
9.289600000000000000e+04
9.229400000000000000e+04
9.222200000000000000e+04
9.276600000000000000e+04
9.158200000000000000e+04
9.128400000000000000e+04
9.215600000000000000e+04
9.194600000000000000e+04
9.184800000000000000e+04
9.145200000000000000e+04
9.181800000000000000e+04
9.196400000000000000e+04
9.216800000000000000e+04
9.230600000000000000e+04
9.121400000000000000e+04
9.209400000000000000e+04
9.156600000000000000e+04
9.111600000000000000e+04
9.178400000000000000e+04
9.196600000000000000e+04
9.235800000000000000e+04
9.200200000000000000e+04
9.250800000000000000e+04
9.194600000000000000e+04
9.240600000000000000e+04
9.150800000000000000e+04
9.218800000000000000e+04
9.204000000000000000e+04
9.151600000000000000e+04
9.168600000000000000e+04
9.191000000000000000e+04
9.131600000000000000e+04
9.205800000000000000e+04
9.163000000000000000e+04
9.127600000000000000e+04
9.212000000000000000e+04
9.199800000000000000e+04
9.153800000000000000e+04
9.218800000000000000e+04
9.168800000000000000e+04
9.245600000000000000e+04
9.218800000000000000e+04
9.260200000000000000e+04
9.228200000000000000e+04
9.221800000000000000e+04
9.250000000000000000e+04
9.243800000000000000e+04
9.219600000000000000e+04
9.099400000000000000e+04
9.127000000000000000e+04
9.223200000000000000e+04
9.210600000000000000e+04
9.175600000000000000e+04
9.215200000000000000e+04
9.223600000000000000e+04
9.176800000000000000e+04
9.189600000000000000e+04
9.234800000000000000e+04
9.201200000000000000e+04
9.200600000000000000e+04
9.304600000000000000e+04
9.208200000000000000e+04
9.295800000000000000e+04
9.258000000000000000e+04
9.240600000000000000e+04
9.289000000000000000e+04
9.263800000000000000e+04
9.312000000000000000e+04
9.303400000000000000e+04
9.192000000000000000e+04
9.206800000000000000e+04
9.258200000000000000e+04
9.225000000000000000e+04
9.222600000000000000e+04
9.302200000000000000e+04
9.241200000000000000e+04
9.235600000000000000e+04
9.214400000000000000e+04
9.150600000000000000e+04
9.251600000000000000e+04
9.233400000000000000e+04
9.190200000000000000e+04
9.214600000000000000e+04
9.169000000000000000e+04
9.188200000000000000e+04
9.214800000000000000e+04
9.152400000000000000e+04
9.260200000000000000e+04
9.315200000000000000e+04
9.259600000000000000e+04
9.320800000000000000e+04
9.285800000000000000e+04
9.193600000000000000e+04
9.271600000000000000e+04
9.202000000000000000e+04
9.125600000000000000e+04
9.181200000000000000e+04
9.191800000000000000e+04
9.216400000000000000e+04
9.122600000000000000e+04
9.192000000000000000e+04
9.211200000000000000e+04
9.096200000000000000e+04
9.262000000000000000e+04
9.236400000000000000e+04
9.229600000000000000e+04
9.273200000000000000e+04
9.220200000000000000e+04
9.240000000000000000e+04
9.241600000000000000e+04
9.172600000000000000e+04
9.239400000000000000e+04
9.179000000000000000e+04
9.201400000000000000e+04
9.258400000000000000e+04
9.196400000000000000e+04
9.164400000000000000e+04
9.210200000000000000e+04
9.269400000000000000e+04
9.267600000000000000e+04
9.221200000000000000e+04
9.230000000000000000e+04
9.216200000000000000e+04
9.256400000000000000e+04
9.203200000000000000e+04
9.242600000000000000e+04
9.182600000000000000e+04
9.238200000000000000e+04
9.273000000000000000e+04
9.255800000000000000e+04
9.216200000000000000e+04
9.192600000000000000e+04
9.165400000000000000e+04
9.191600000000000000e+04
9.269800000000000000e+04
9.245200000000000000e+04
9.199400000000000000e+04
9.228600000000000000e+04
9.204800000000000000e+04
9.204000000000000000e+04
9.178800000000000000e+04
9.108200000000000000e+04
9.096800000000000000e+04
9.217400000000000000e+04
9.187600000000000000e+04
9.196400000000000000e+04
9.259400000000000000e+04
9.232200000000000000e+04
9.214800000000000000e+04
9.245400000000000000e+04
9.330000000000000000e+04
9.249400000000000000e+04
9.239200000000000000e+04
9.193600000000000000e+04
9.242200000000000000e+04
9.229800000000000000e+04
9.211400000000000000e+04
9.218000000000000000e+04
9.198400000000000000e+04
9.170400000000000000e+04
9.212400000000000000e+04
9.134600000000000000e+04
9.176200000000000000e+04
9.212000000000000000e+04
9.130200000000000000e+04
9.133800000000000000e+04
9.196200000000000000e+04
9.241200000000000000e+04
9.171600000000000000e+04
9.155800000000000000e+04
9.150600000000000000e+04
9.204400000000000000e+04
9.094000000000000000e+04
9.191800000000000000e+04
9.275600000000000000e+04
9.147600000000000000e+04
9.164200000000000000e+04
9.193400000000000000e+04
9.247400000000000000e+04
9.225600000000000000e+04
9.249600000000000000e+04
9.301400000000000000e+04
9.184000000000000000e+04
9.240400000000000000e+04
9.207400000000000000e+04
9.232400000000000000e+04
9.151000000000000000e+04
9.258400000000000000e+04
9.189800000000000000e+04
9.209400000000000000e+04
9.245800000000000000e+04
9.281000000000000000e+04
9.312800000000000000e+04
9.288200000000000000e+04
9.296000000000000000e+04
9.208600000000000000e+04
9.256200000000000000e+04
9.232000000000000000e+04
9.184400000000000000e+04
9.282800000000000000e+04
9.262200000000000000e+04
9.293400000000000000e+04
9.237200000000000000e+04
9.309600000000000000e+04
9.211800000000000000e+04
9.221600000000000000e+04
9.261200000000000000e+04
9.318600000000000000e+04
9.293000000000000000e+04
9.317800000000000000e+04
9.197600000000000000e+04
9.314200000000000000e+04
9.222600000000000000e+04
9.212200000000000000e+04
9.266600000000000000e+04
9.301800000000000000e+04
9.182600000000000000e+04
9.250800000000000000e+04
9.232400000000000000e+04
9.240400000000000000e+04
9.205200000000000000e+04
9.219800000000000000e+04
9.163200000000000000e+04
9.234000000000000000e+04
9.165600000000000000e+04
9.276200000000000000e+04
9.303600000000000000e+04
9.268800000000000000e+04
9.255800000000000000e+04
9.242600000000000000e+04
9.219800000000000000e+04
9.140400000000000000e+04
9.207000000000000000e+04
9.216800000000000000e+04
9.224800000000000000e+04
9.195200000000000000e+04
9.218600000000000000e+04
9.280400000000000000e+04
9.223000000000000000e+04
9.192000000000000000e+04
9.210000000000000000e+04
9.186000000000000000e+04
9.268600000000000000e+04
9.303200000000000000e+04
9.266000000000000000e+04
9.243400000000000000e+04
9.282000000000000000e+04
9.280200000000000000e+04
9.195000000000000000e+04
9.187800000000000000e+04
9.211200000000000000e+04
9.235400000000000000e+04
9.177200000000000000e+04
9.237400000000000000e+04
9.193200000000000000e+04
9.186000000000000000e+04
9.215200000000000000e+04
9.270200000000000000e+04
9.217600000000000000e+04
9.325000000000000000e+04
9.202800000000000000e+04
9.277000000000000000e+04
9.258600000000000000e+04
9.232400000000000000e+04
9.252000000000000000e+04
9.281800000000000000e+04
9.209000000000000000e+04
9.262200000000000000e+04
9.291000000000000000e+04
9.244800000000000000e+04
9.256000000000000000e+04
9.279000000000000000e+04
9.153800000000000000e+04
9.262000000000000000e+04
9.179200000000000000e+04
9.179200000000000000e+04
9.219200000000000000e+04
9.106400000000000000e+04
9.249600000000000000e+04
9.220000000000000000e+04
9.195200000000000000e+04
9.173400000000000000e+04
9.183200000000000000e+04
9.243400000000000000e+04
9.352200000000000000e+04
9.216000000000000000e+04
9.194200000000000000e+04
9.345400000000000000e+04
9.252800000000000000e+04
9.303200000000000000e+04
9.266600000000000000e+04
9.223200000000000000e+04
9.169000000000000000e+04
9.263800000000000000e+04
9.239800000000000000e+04
9.258200000000000000e+04
9.196200000000000000e+04
9.223200000000000000e+04
9.168400000000000000e+04
9.302800000000000000e+04
9.153000000000000000e+04
9.244000000000000000e+04
9.271400000000000000e+04
9.223800000000000000e+04
9.166200000000000000e+04
9.205400000000000000e+04
9.110400000000000000e+04
9.226600000000000000e+04
9.157000000000000000e+04
9.249800000000000000e+04
9.168600000000000000e+04
9.242400000000000000e+04
9.244600000000000000e+04
9.158600000000000000e+04
9.189200000000000000e+04
9.244800000000000000e+04
9.220800000000000000e+04
9.192200000000000000e+04
9.174200000000000000e+04
9.260800000000000000e+04
9.144000000000000000e+04
9.254600000000000000e+04
9.220200000000000000e+04
9.240200000000000000e+04
9.223200000000000000e+04
9.245800000000000000e+04
9.169600000000000000e+04
9.188600000000000000e+04
9.150600000000000000e+04
9.204600000000000000e+04
9.209600000000000000e+04
9.176200000000000000e+04
9.261000000000000000e+04
9.259800000000000000e+04
9.314600000000000000e+04
9.247000000000000000e+04
9.234400000000000000e+04
9.179600000000000000e+04
9.208200000000000000e+04
9.176600000000000000e+04
9.174800000000000000e+04
9.158800000000000000e+04
9.201200000000000000e+04
9.217800000000000000e+04
9.236400000000000000e+04
9.288800000000000000e+04
9.277400000000000000e+04
9.208200000000000000e+04
9.194000000000000000e+04
9.202400000000000000e+04
