8.390000000000000000e+03
8.344000000000000000e+03
8.580000000000000000e+03
8.548000000000000000e+03
8.424000000000000000e+03
8.202000000000000000e+03
8.402000000000000000e+03
8.388000000000000000e+03
8.528000000000000000e+03
8.542000000000000000e+03
8.438000000000000000e+03
8.668000000000000000e+03
8.566000000000000000e+03
8.554000000000000000e+03
8.410000000000000000e+03
8.440000000000000000e+03
8.370000000000000000e+03
8.426000000000000000e+03
8.484000000000000000e+03
8.238000000000000000e+03
8.172000000000000000e+03
8.236000000000000000e+03
7.896000000000000000e+03
8.192000000000000000e+03
8.222000000000000000e+03
8.296000000000000000e+03
8.308000000000000000e+03
8.296000000000000000e+03
8.244000000000000000e+03
8.314000000000000000e+03
8.268000000000000000e+03
8.682000000000000000e+03
8.478000000000000000e+03
8.550000000000000000e+03
8.254000000000000000e+03
8.498000000000000000e+03
8.402000000000000000e+03
8.424000000000000000e+03
8.672000000000000000e+03
8.636000000000000000e+03
8.792000000000000000e+03
8.610000000000000000e+03
8.476000000000000000e+03
8.610000000000000000e+03
8.544000000000000000e+03
8.482000000000000000e+03
8.678000000000000000e+03
8.742000000000000000e+03
8.790000000000000000e+03
8.744000000000000000e+03
8.612000000000000000e+03
8.736000000000000000e+03
8.652000000000000000e+03
8.782000000000000000e+03
8.726000000000000000e+03
8.716000000000000000e+03
8.758000000000000000e+03
8.782000000000000000e+03
8.942000000000000000e+03
8.696000000000000000e+03
8.780000000000000000e+03
8.598000000000000000e+03
8.604000000000000000e+03
8.558000000000000000e+03
8.794000000000000000e+03
8.698000000000000000e+03
8.826000000000000000e+03
8.920000000000000000e+03
8.778000000000000000e+03
8.578000000000000000e+03
8.888000000000000000e+03
8.720000000000000000e+03
8.836000000000000000e+03
8.688000000000000000e+03
8.712000000000000000e+03
8.656000000000000000e+03
8.790000000000000000e+03
8.712000000000000000e+03
8.554000000000000000e+03
8.778000000000000000e+03
8.946000000000000000e+03
8.648000000000000000e+03
8.720000000000000000e+03
8.412000000000000000e+03
8.534000000000000000e+03
8.642000000000000000e+03
8.764000000000000000e+03
8.636000000000000000e+03
8.848000000000000000e+03
8.538000000000000000e+03
8.698000000000000000e+03
8.448000000000000000e+03
8.536000000000000000e+03
8.678000000000000000e+03
8.626000000000000000e+03
8.640000000000000000e+03
8.570000000000000000e+03
8.782000000000000000e+03
8.534000000000000000e+03
8.786000000000000000e+03
8.584000000000000000e+03
8.566000000000000000e+03
8.612000000000000000e+03
8.746000000000000000e+03
8.606000000000000000e+03
8.792000000000000000e+03
8.998000000000000000e+03
9.094000000000000000e+03
9.068000000000000000e+03
8.890000000000000000e+03
8.820000000000000000e+03
8.526000000000000000e+03
8.920000000000000000e+03
8.730000000000000000e+03
8.824000000000000000e+03
8.736000000000000000e+03
8.984000000000000000e+03
8.884000000000000000e+03
8.668000000000000000e+03
8.692000000000000000e+03
8.642000000000000000e+03
8.594000000000000000e+03
8.752000000000000000e+03
8.586000000000000000e+03
8.950000000000000000e+03
8.790000000000000000e+03
8.934000000000000000e+03
8.660000000000000000e+03
8.654000000000000000e+03
8.508000000000000000e+03
8.534000000000000000e+03
8.282000000000000000e+03
8.544000000000000000e+03
8.378000000000000000e+03
8.434000000000000000e+03
8.490000000000000000e+03
8.358000000000000000e+03
8.650000000000000000e+03
8.772000000000000000e+03
8.740000000000000000e+03
8.646000000000000000e+03
8.790000000000000000e+03
9.020000000000000000e+03
8.918000000000000000e+03
8.968000000000000000e+03
9.098000000000000000e+03
9.160000000000000000e+03
8.810000000000000000e+03
8.806000000000000000e+03
8.962000000000000000e+03
8.896000000000000000e+03
8.956000000000000000e+03
8.972000000000000000e+03
8.912000000000000000e+03
8.720000000000000000e+03
8.822000000000000000e+03
8.798000000000000000e+03
8.740000000000000000e+03
8.694000000000000000e+03
8.866000000000000000e+03
8.804000000000000000e+03
8.710000000000000000e+03
8.718000000000000000e+03
8.712000000000000000e+03
8.814000000000000000e+03
8.608000000000000000e+03
8.790000000000000000e+03
8.962000000000000000e+03
8.878000000000000000e+03
8.686000000000000000e+03
8.566000000000000000e+03
8.602000000000000000e+03
8.554000000000000000e+03
8.568000000000000000e+03
8.690000000000000000e+03
8.878000000000000000e+03
8.708000000000000000e+03
8.416000000000000000e+03
8.790000000000000000e+03
8.830000000000000000e+03
8.830000000000000000e+03
8.884000000000000000e+03
8.878000000000000000e+03
9.158000000000000000e+03
8.944000000000000000e+03
9.050000000000000000e+03
8.822000000000000000e+03
8.838000000000000000e+03
8.956000000000000000e+03
8.668000000000000000e+03
8.696000000000000000e+03
9.076000000000000000e+03
8.836000000000000000e+03
8.872000000000000000e+03
8.722000000000000000e+03
8.622000000000000000e+03
8.836000000000000000e+03
8.856000000000000000e+03
8.566000000000000000e+03
8.872000000000000000e+03
8.860000000000000000e+03
8.642000000000000000e+03
8.740000000000000000e+03
8.706000000000000000e+03
8.550000000000000000e+03
8.966000000000000000e+03
8.880000000000000000e+03
8.900000000000000000e+03
8.922000000000000000e+03
8.862000000000000000e+03
8.908000000000000000e+03
9.060000000000000000e+03
9.132000000000000000e+03
9.142000000000000000e+03
9.084000000000000000e+03
8.996000000000000000e+03
9.188000000000000000e+03
8.946000000000000000e+03
9.102000000000000000e+03
8.936000000000000000e+03
9.032000000000000000e+03
8.882000000000000000e+03
8.866000000000000000e+03
9.040000000000000000e+03
9.088000000000000000e+03
9.048000000000000000e+03
9.246000000000000000e+03
9.002000000000000000e+03
8.946000000000000000e+03
8.918000000000000000e+03
9.172000000000000000e+03
8.898000000000000000e+03
8.906000000000000000e+03
9.064000000000000000e+03
9.110000000000000000e+03
8.988000000000000000e+03
9.362000000000000000e+03
9.390000000000000000e+03
9.474000000000000000e+03
9.386000000000000000e+03
9.520000000000000000e+03
9.378000000000000000e+03
9.308000000000000000e+03
9.232000000000000000e+03
9.142000000000000000e+03
9.094000000000000000e+03
9.320000000000000000e+03
8.834000000000000000e+03
9.060000000000000000e+03
9.172000000000000000e+03
8.842000000000000000e+03
9.208000000000000000e+03
9.022000000000000000e+03
9.184000000000000000e+03
9.022000000000000000e+03
9.244000000000000000e+03
9.058000000000000000e+03
9.046000000000000000e+03
9.202000000000000000e+03
8.874000000000000000e+03
9.136000000000000000e+03
9.204000000000000000e+03
9.114000000000000000e+03
9.352000000000000000e+03
9.136000000000000000e+03
9.268000000000000000e+03
9.272000000000000000e+03
9.354000000000000000e+03
9.266000000000000000e+03
9.270000000000000000e+03
9.270000000000000000e+03
9.338000000000000000e+03
9.082000000000000000e+03
8.916000000000000000e+03
8.946000000000000000e+03
8.974000000000000000e+03
9.030000000000000000e+03
9.118000000000000000e+03
8.928000000000000000e+03
8.926000000000000000e+03
9.112000000000000000e+03
8.862000000000000000e+03
9.106000000000000000e+03
9.028000000000000000e+03
8.996000000000000000e+03
9.082000000000000000e+03
9.034000000000000000e+03
8.968000000000000000e+03
9.228000000000000000e+03
9.284000000000000000e+03
9.204000000000000000e+03
9.120000000000000000e+03
9.210000000000000000e+03
9.124000000000000000e+03
9.048000000000000000e+03
9.180000000000000000e+03
9.162000000000000000e+03
8.996000000000000000e+03
9.138000000000000000e+03
9.200000000000000000e+03
9.066000000000000000e+03
9.098000000000000000e+03
9.054000000000000000e+03
9.022000000000000000e+03
9.052000000000000000e+03
8.876000000000000000e+03
8.920000000000000000e+03
9.112000000000000000e+03
9.102000000000000000e+03
9.138000000000000000e+03
8.814000000000000000e+03
8.780000000000000000e+03
9.220000000000000000e+03
9.104000000000000000e+03
8.994000000000000000e+03
9.070000000000000000e+03
8.976000000000000000e+03
8.768000000000000000e+03
8.590000000000000000e+03
8.984000000000000000e+03
9.036000000000000000e+03
9.044000000000000000e+03
9.118000000000000000e+03
9.102000000000000000e+03
9.066000000000000000e+03
9.298000000000000000e+03
9.150000000000000000e+03
9.128000000000000000e+03
9.200000000000000000e+03
9.272000000000000000e+03
9.012000000000000000e+03
9.170000000000000000e+03
9.254000000000000000e+03
9.208000000000000000e+03
9.142000000000000000e+03
9.144000000000000000e+03
9.132000000000000000e+03
9.058000000000000000e+03
9.024000000000000000e+03
9.128000000000000000e+03
9.070000000000000000e+03
8.974000000000000000e+03
8.830000000000000000e+03
8.968000000000000000e+03
8.908000000000000000e+03
8.988000000000000000e+03
9.102000000000000000e+03
9.120000000000000000e+03
9.018000000000000000e+03
9.158000000000000000e+03
9.108000000000000000e+03
9.006000000000000000e+03
8.922000000000000000e+03
9.198000000000000000e+03
9.352000000000000000e+03
9.112000000000000000e+03
9.282000000000000000e+03
9.116000000000000000e+03
9.180000000000000000e+03
9.174000000000000000e+03
9.334000000000000000e+03
8.970000000000000000e+03
8.738000000000000000e+03
8.818000000000000000e+03
8.808000000000000000e+03
8.986000000000000000e+03
9.058000000000000000e+03
8.970000000000000000e+03
9.188000000000000000e+03
8.956000000000000000e+03
9.020000000000000000e+03
8.748000000000000000e+03
9.040000000000000000e+03
9.236000000000000000e+03
9.176000000000000000e+03
9.006000000000000000e+03
9.072000000000000000e+03
9.040000000000000000e+03
9.068000000000000000e+03
9.168000000000000000e+03
9.160000000000000000e+03
9.414000000000000000e+03
9.172000000000000000e+03
9.008000000000000000e+03
9.324000000000000000e+03
9.140000000000000000e+03
9.174000000000000000e+03
9.286000000000000000e+03
9.230000000000000000e+03
9.464000000000000000e+03
9.174000000000000000e+03
9.088000000000000000e+03
9.246000000000000000e+03
9.264000000000000000e+03
9.200000000000000000e+03
9.052000000000000000e+03
9.202000000000000000e+03
9.280000000000000000e+03
9.290000000000000000e+03
9.134000000000000000e+03
9.260000000000000000e+03
9.112000000000000000e+03
9.206000000000000000e+03
9.430000000000000000e+03
9.210000000000000000e+03
9.270000000000000000e+03
9.304000000000000000e+03
9.386000000000000000e+03
9.470000000000000000e+03
9.274000000000000000e+03
9.270000000000000000e+03
9.300000000000000000e+03
9.266000000000000000e+03
9.236000000000000000e+03
9.428000000000000000e+03
9.158000000000000000e+03
9.168000000000000000e+03
9.160000000000000000e+03
9.502000000000000000e+03
9.226000000000000000e+03
9.050000000000000000e+03
9.250000000000000000e+03
9.258000000000000000e+03
9.184000000000000000e+03
9.076000000000000000e+03
9.398000000000000000e+03
9.116000000000000000e+03
9.244000000000000000e+03
9.430000000000000000e+03
9.430000000000000000e+03
9.516000000000000000e+03
9.728000000000000000e+03
9.420000000000000000e+03
9.566000000000000000e+03
9.496000000000000000e+03
9.314000000000000000e+03
9.622000000000000000e+03
9.576000000000000000e+03
9.436000000000000000e+03
9.450000000000000000e+03
9.298000000000000000e+03
9.406000000000000000e+03
9.302000000000000000e+03
9.338000000000000000e+03
9.356000000000000000e+03
9.346000000000000000e+03
9.124000000000000000e+03
9.408000000000000000e+03
8.926000000000000000e+03
9.106000000000000000e+03
8.952000000000000000e+03
9.132000000000000000e+03
9.066000000000000000e+03
9.280000000000000000e+03
9.248000000000000000e+03
9.244000000000000000e+03
9.040000000000000000e+03
9.314000000000000000e+03
9.170000000000000000e+03
9.132000000000000000e+03
9.204000000000000000e+03
9.296000000000000000e+03
9.128000000000000000e+03
9.110000000000000000e+03
9.140000000000000000e+03
9.028000000000000000e+03
9.156000000000000000e+03
8.878000000000000000e+03
9.162000000000000000e+03
9.358000000000000000e+03
8.974000000000000000e+03
9.048000000000000000e+03
8.958000000000000000e+03
9.038000000000000000e+03
8.884000000000000000e+03
9.218000000000000000e+03
9.138000000000000000e+03
9.288000000000000000e+03
9.084000000000000000e+03
9.230000000000000000e+03
9.306000000000000000e+03
9.196000000000000000e+03
9.096000000000000000e+03
9.134000000000000000e+03
9.134000000000000000e+03
8.946000000000000000e+03
8.960000000000000000e+03
9.204000000000000000e+03
8.878000000000000000e+03
8.812000000000000000e+03
9.214000000000000000e+03
8.950000000000000000e+03
9.158000000000000000e+03
8.840000000000000000e+03
9.104000000000000000e+03
9.226000000000000000e+03
9.260000000000000000e+03
9.214000000000000000e+03
9.162000000000000000e+03
9.058000000000000000e+03
8.812000000000000000e+03
8.904000000000000000e+03
9.062000000000000000e+03
8.794000000000000000e+03
8.844000000000000000e+03
9.076000000000000000e+03
9.242000000000000000e+03
9.230000000000000000e+03
9.024000000000000000e+03
9.194000000000000000e+03
9.344000000000000000e+03
9.258000000000000000e+03
9.328000000000000000e+03
9.450000000000000000e+03
9.340000000000000000e+03
9.370000000000000000e+03
9.350000000000000000e+03
9.330000000000000000e+03
8.990000000000000000e+03
9.230000000000000000e+03
9.212000000000000000e+03
9.150000000000000000e+03
9.144000000000000000e+03
8.930000000000000000e+03
8.944000000000000000e+03
9.296000000000000000e+03
9.280000000000000000e+03
9.326000000000000000e+03
9.240000000000000000e+03
9.136000000000000000e+03
9.150000000000000000e+03
9.190000000000000000e+03
9.204000000000000000e+03
9.226000000000000000e+03
9.132000000000000000e+03
9.214000000000000000e+03
9.072000000000000000e+03
9.334000000000000000e+03
9.414000000000000000e+03
9.352000000000000000e+03
9.114000000000000000e+03
9.108000000000000000e+03
8.910000000000000000e+03
9.104000000000000000e+03
9.136000000000000000e+03
9.156000000000000000e+03
9.286000000000000000e+03
9.392000000000000000e+03
9.300000000000000000e+03
9.318000000000000000e+03
9.290000000000000000e+03
9.256000000000000000e+03
9.220000000000000000e+03
9.218000000000000000e+03
9.150000000000000000e+03
9.152000000000000000e+03
8.990000000000000000e+03
9.152000000000000000e+03
9.050000000000000000e+03
9.146000000000000000e+03
9.052000000000000000e+03
9.110000000000000000e+03
9.316000000000000000e+03
9.112000000000000000e+03
9.172000000000000000e+03
9.338000000000000000e+03
9.064000000000000000e+03
9.362000000000000000e+03
9.122000000000000000e+03
9.188000000000000000e+03
9.316000000000000000e+03
9.158000000000000000e+03
9.136000000000000000e+03
9.212000000000000000e+03
9.014000000000000000e+03
9.180000000000000000e+03
9.044000000000000000e+03
9.162000000000000000e+03
8.888000000000000000e+03
8.946000000000000000e+03
8.962000000000000000e+03
8.908000000000000000e+03
9.092000000000000000e+03
9.122000000000000000e+03
8.868000000000000000e+03
8.942000000000000000e+03
8.910000000000000000e+03
9.084000000000000000e+03
9.230000000000000000e+03
9.022000000000000000e+03
9.174000000000000000e+03
9.144000000000000000e+03
9.274000000000000000e+03
9.072000000000000000e+03
9.046000000000000000e+03
9.192000000000000000e+03
9.328000000000000000e+03
9.074000000000000000e+03
9.222000000000000000e+03
9.268000000000000000e+03
9.134000000000000000e+03
4.530000000000000000e+03
4.528000000000000000e+03
4.556000000000000000e+03
4.558000000000000000e+03
4.404000000000000000e+03
4.624000000000000000e+03
4.804000000000000000e+03
4.780000000000000000e+03
4.774000000000000000e+03
4.838000000000000000e+03
4.714000000000000000e+03
4.876000000000000000e+03
4.924000000000000000e+03
4.780000000000000000e+03
4.734000000000000000e+03
4.580000000000000000e+03
4.748000000000000000e+03
4.686000000000000000e+03
4.682000000000000000e+03
4.940000000000000000e+03
4.892000000000000000e+03
4.866000000000000000e+03
4.910000000000000000e+03
4.882000000000000000e+03
4.790000000000000000e+03
4.828000000000000000e+03
4.682000000000000000e+03
4.774000000000000000e+03
4.844000000000000000e+03
4.896000000000000000e+03
4.786000000000000000e+03
4.826000000000000000e+03
4.740000000000000000e+03
4.922000000000000000e+03
5.006000000000000000e+03
4.900000000000000000e+03
4.820000000000000000e+03
4.810000000000000000e+03
4.912000000000000000e+03
4.872000000000000000e+03
4.924000000000000000e+03
4.912000000000000000e+03
4.804000000000000000e+03
4.862000000000000000e+03
4.834000000000000000e+03
4.742000000000000000e+03
4.780000000000000000e+03
4.824000000000000000e+03
4.848000000000000000e+03
4.894000000000000000e+03
4.854000000000000000e+03
4.988000000000000000e+03
4.838000000000000000e+03
4.834000000000000000e+03
4.892000000000000000e+03
4.908000000000000000e+03
4.852000000000000000e+03
4.802000000000000000e+03
4.962000000000000000e+03
4.900000000000000000e+03
4.780000000000000000e+03
4.754000000000000000e+03
4.794000000000000000e+03
4.830000000000000000e+03
4.856000000000000000e+03
4.966000000000000000e+03
5.070000000000000000e+03
4.978000000000000000e+03
4.932000000000000000e+03
4.990000000000000000e+03
5.026000000000000000e+03
5.018000000000000000e+03
4.998000000000000000e+03
5.070000000000000000e+03
5.016000000000000000e+03
5.010000000000000000e+03
5.090000000000000000e+03
4.854000000000000000e+03
4.996000000000000000e+03
5.038000000000000000e+03
4.994000000000000000e+03
4.990000000000000000e+03
5.072000000000000000e+03
5.028000000000000000e+03
5.022000000000000000e+03
4.946000000000000000e+03
4.978000000000000000e+03
4.952000000000000000e+03
4.750000000000000000e+03
4.880000000000000000e+03
4.758000000000000000e+03
4.702000000000000000e+03
4.748000000000000000e+03
4.660000000000000000e+03
4.604000000000000000e+03
4.824000000000000000e+03
4.656000000000000000e+03
4.760000000000000000e+03
4.966000000000000000e+03
4.962000000000000000e+03
4.908000000000000000e+03
4.932000000000000000e+03
4.978000000000000000e+03
4.888000000000000000e+03
4.848000000000000000e+03
4.878000000000000000e+03
4.998000000000000000e+03
4.950000000000000000e+03
4.988000000000000000e+03
4.872000000000000000e+03
4.952000000000000000e+03
4.880000000000000000e+03
4.878000000000000000e+03
4.858000000000000000e+03
4.908000000000000000e+03
4.934000000000000000e+03
4.998000000000000000e+03
4.940000000000000000e+03
4.994000000000000000e+03
5.008000000000000000e+03
4.920000000000000000e+03
4.958000000000000000e+03
4.938000000000000000e+03
5.008000000000000000e+03
4.878000000000000000e+03
4.878000000000000000e+03
4.768000000000000000e+03
4.830000000000000000e+03
4.750000000000000000e+03
5.014000000000000000e+03
4.880000000000000000e+03
4.928000000000000000e+03
4.920000000000000000e+03
4.862000000000000000e+03
5.030000000000000000e+03
4.932000000000000000e+03
4.898000000000000000e+03
4.860000000000000000e+03
4.952000000000000000e+03
4.908000000000000000e+03
4.850000000000000000e+03
4.878000000000000000e+03
4.908000000000000000e+03
5.004000000000000000e+03
4.924000000000000000e+03
4.848000000000000000e+03
4.880000000000000000e+03
4.804000000000000000e+03
4.872000000000000000e+03
4.786000000000000000e+03
4.868000000000000000e+03
4.850000000000000000e+03
4.874000000000000000e+03
4.762000000000000000e+03
4.886000000000000000e+03
4.772000000000000000e+03
4.800000000000000000e+03
4.798000000000000000e+03
4.878000000000000000e+03
4.776000000000000000e+03
4.826000000000000000e+03
4.904000000000000000e+03
4.864000000000000000e+03
4.822000000000000000e+03
4.712000000000000000e+03
4.820000000000000000e+03
4.870000000000000000e+03
4.796000000000000000e+03
4.764000000000000000e+03
4.934000000000000000e+03
4.852000000000000000e+03
4.738000000000000000e+03
4.796000000000000000e+03
4.960000000000000000e+03
4.774000000000000000e+03
4.852000000000000000e+03
4.854000000000000000e+03
4.930000000000000000e+03
4.928000000000000000e+03
5.030000000000000000e+03
4.934000000000000000e+03
5.006000000000000000e+03
4.942000000000000000e+03
4.890000000000000000e+03
4.882000000000000000e+03
4.878000000000000000e+03
4.798000000000000000e+03
4.828000000000000000e+03
4.906000000000000000e+03
5.034000000000000000e+03
4.806000000000000000e+03
4.904000000000000000e+03
4.792000000000000000e+03
4.954000000000000000e+03
4.860000000000000000e+03
4.854000000000000000e+03
4.894000000000000000e+03
4.864000000000000000e+03
4.838000000000000000e+03
4.984000000000000000e+03
5.076000000000000000e+03
4.928000000000000000e+03
4.724000000000000000e+03
4.742000000000000000e+03
4.894000000000000000e+03
4.814000000000000000e+03
4.748000000000000000e+03
4.644000000000000000e+03
4.892000000000000000e+03
4.858000000000000000e+03
4.836000000000000000e+03
4.780000000000000000e+03
4.714000000000000000e+03
4.738000000000000000e+03
4.772000000000000000e+03
4.756000000000000000e+03
4.852000000000000000e+03
4.968000000000000000e+03
4.900000000000000000e+03
4.844000000000000000e+03
4.858000000000000000e+03
4.774000000000000000e+03
4.766000000000000000e+03
4.708000000000000000e+03
4.758000000000000000e+03
4.740000000000000000e+03
4.686000000000000000e+03
4.778000000000000000e+03
4.920000000000000000e+03
4.766000000000000000e+03
4.906000000000000000e+03
4.744000000000000000e+03
4.886000000000000000e+03
4.722000000000000000e+03
4.874000000000000000e+03
4.808000000000000000e+03
4.646000000000000000e+03
4.814000000000000000e+03
4.798000000000000000e+03
4.834000000000000000e+03
4.914000000000000000e+03
4.840000000000000000e+03
4.862000000000000000e+03
4.904000000000000000e+03
4.820000000000000000e+03
4.988000000000000000e+03
4.982000000000000000e+03
5.000000000000000000e+03
5.006000000000000000e+03
4.998000000000000000e+03
4.910000000000000000e+03
5.052000000000000000e+03
4.870000000000000000e+03
4.840000000000000000e+03
4.880000000000000000e+03
4.944000000000000000e+03
5.052000000000000000e+03
5.146000000000000000e+03
5.134000000000000000e+03
5.092000000000000000e+03
5.146000000000000000e+03
5.074000000000000000e+03
4.910000000000000000e+03
4.860000000000000000e+03
4.822000000000000000e+03
5.040000000000000000e+03
4.984000000000000000e+03
4.920000000000000000e+03
4.874000000000000000e+03
4.772000000000000000e+03
4.698000000000000000e+03
4.814000000000000000e+03
4.772000000000000000e+03
4.878000000000000000e+03
4.948000000000000000e+03
4.874000000000000000e+03
4.712000000000000000e+03
4.924000000000000000e+03
4.866000000000000000e+03
4.974000000000000000e+03
4.984000000000000000e+03
4.938000000000000000e+03
4.874000000000000000e+03
4.938000000000000000e+03
5.014000000000000000e+03
4.940000000000000000e+03
4.964000000000000000e+03
4.814000000000000000e+03
4.834000000000000000e+03
4.908000000000000000e+03
4.910000000000000000e+03
4.900000000000000000e+03
4.858000000000000000e+03
4.980000000000000000e+03
4.956000000000000000e+03
4.804000000000000000e+03
4.986000000000000000e+03
4.856000000000000000e+03
4.830000000000000000e+03
4.900000000000000000e+03
4.926000000000000000e+03
4.920000000000000000e+03
4.920000000000000000e+03
5.014000000000000000e+03
4.956000000000000000e+03
5.050000000000000000e+03
4.824000000000000000e+03
4.908000000000000000e+03
4.844000000000000000e+03
4.692000000000000000e+03
4.796000000000000000e+03
4.940000000000000000e+03
4.920000000000000000e+03
4.858000000000000000e+03
4.818000000000000000e+03
4.818000000000000000e+03
4.812000000000000000e+03
4.776000000000000000e+03
4.782000000000000000e+03
4.906000000000000000e+03
5.092000000000000000e+03
4.892000000000000000e+03
4.870000000000000000e+03
4.970000000000000000e+03
4.914000000000000000e+03
4.914000000000000000e+03
5.060000000000000000e+03
5.018000000000000000e+03
4.986000000000000000e+03
4.978000000000000000e+03
4.982000000000000000e+03
4.962000000000000000e+03
4.952000000000000000e+03
5.180000000000000000e+03
5.106000000000000000e+03
5.054000000000000000e+03
4.996000000000000000e+03
4.944000000000000000e+03
5.114000000000000000e+03
5.058000000000000000e+03
4.960000000000000000e+03
5.050000000000000000e+03
5.140000000000000000e+03
5.124000000000000000e+03
5.206000000000000000e+03
5.042000000000000000e+03
4.990000000000000000e+03
5.088000000000000000e+03
5.104000000000000000e+03
5.086000000000000000e+03
5.156000000000000000e+03
5.166000000000000000e+03
5.368000000000000000e+03
5.380000000000000000e+03
5.532000000000000000e+03
5.448000000000000000e+03
5.438000000000000000e+03
5.388000000000000000e+03
5.346000000000000000e+03
5.298000000000000000e+03
5.388000000000000000e+03
5.370000000000000000e+03
5.426000000000000000e+03
5.220000000000000000e+03
5.298000000000000000e+03
5.296000000000000000e+03
5.322000000000000000e+03
5.344000000000000000e+03
5.444000000000000000e+03
5.314000000000000000e+03
5.378000000000000000e+03
5.400000000000000000e+03
5.448000000000000000e+03
5.464000000000000000e+03
5.534000000000000000e+03
5.344000000000000000e+03
5.392000000000000000e+03
5.494000000000000000e+03
5.460000000000000000e+03
5.474000000000000000e+03
5.526000000000000000e+03
5.402000000000000000e+03
5.174000000000000000e+03
5.470000000000000000e+03
5.290000000000000000e+03
5.422000000000000000e+03
5.506000000000000000e+03
5.474000000000000000e+03
5.352000000000000000e+03
5.330000000000000000e+03
5.402000000000000000e+03
5.370000000000000000e+03
5.450000000000000000e+03
5.404000000000000000e+03
5.406000000000000000e+03
5.578000000000000000e+03
5.520000000000000000e+03
5.364000000000000000e+03
5.532000000000000000e+03
5.402000000000000000e+03
5.442000000000000000e+03
5.926000000000000000e+03
6.042000000000000000e+03
5.960000000000000000e+03
6.086000000000000000e+03
6.308000000000000000e+03
6.334000000000000000e+03
6.234000000000000000e+03
6.458000000000000000e+03
6.264000000000000000e+03
6.156000000000000000e+03
6.382000000000000000e+03
6.336000000000000000e+03
6.350000000000000000e+03
6.310000000000000000e+03
6.312000000000000000e+03
6.404000000000000000e+03
6.324000000000000000e+03
6.358000000000000000e+03
6.448000000000000000e+03
6.436000000000000000e+03
6.266000000000000000e+03
6.346000000000000000e+03
6.372000000000000000e+03
6.478000000000000000e+03
6.540000000000000000e+03
6.432000000000000000e+03
6.446000000000000000e+03
6.450000000000000000e+03
6.426000000000000000e+03
6.468000000000000000e+03
6.468000000000000000e+03
6.546000000000000000e+03
6.690000000000000000e+03
6.726000000000000000e+03
6.506000000000000000e+03
6.654000000000000000e+03
6.294000000000000000e+03
6.444000000000000000e+03
6.450000000000000000e+03
6.494000000000000000e+03
6.472000000000000000e+03
6.486000000000000000e+03
6.620000000000000000e+03
6.938000000000000000e+03
6.808000000000000000e+03
6.772000000000000000e+03
6.910000000000000000e+03
6.828000000000000000e+03
6.990000000000000000e+03
6.716000000000000000e+03
6.766000000000000000e+03
6.792000000000000000e+03
6.984000000000000000e+03
6.822000000000000000e+03
6.860000000000000000e+03
6.838000000000000000e+03
6.944000000000000000e+03
6.950000000000000000e+03
6.846000000000000000e+03
6.956000000000000000e+03
6.964000000000000000e+03
6.874000000000000000e+03
6.888000000000000000e+03
6.912000000000000000e+03
6.994000000000000000e+03
6.926000000000000000e+03
6.872000000000000000e+03
6.766000000000000000e+03
6.782000000000000000e+03
6.618000000000000000e+03
6.816000000000000000e+03
6.838000000000000000e+03
6.820000000000000000e+03
6.966000000000000000e+03
6.814000000000000000e+03
6.708000000000000000e+03
6.718000000000000000e+03
6.798000000000000000e+03
6.876000000000000000e+03
6.860000000000000000e+03
6.626000000000000000e+03
6.622000000000000000e+03
6.826000000000000000e+03
6.784000000000000000e+03
6.876000000000000000e+03
6.676000000000000000e+03
6.690000000000000000e+03
6.894000000000000000e+03
6.844000000000000000e+03
6.762000000000000000e+03
6.694000000000000000e+03
6.834000000000000000e+03
6.644000000000000000e+03
6.682000000000000000e+03
6.622000000000000000e+03
6.686000000000000000e+03
6.668000000000000000e+03
6.682000000000000000e+03
6.756000000000000000e+03
6.680000000000000000e+03
6.686000000000000000e+03
6.826000000000000000e+03
6.890000000000000000e+03
6.804000000000000000e+03
7.060000000000000000e+03
7.018000000000000000e+03
6.954000000000000000e+03
6.900000000000000000e+03
6.698000000000000000e+03
6.948000000000000000e+03
7.064000000000000000e+03
7.144000000000000000e+03
7.092000000000000000e+03
7.062000000000000000e+03
7.098000000000000000e+03
7.206000000000000000e+03
7.130000000000000000e+03
6.970000000000000000e+03
7.412000000000000000e+03
7.082000000000000000e+03
7.128000000000000000e+03
7.168000000000000000e+03
7.264000000000000000e+03
7.172000000000000000e+03
7.290000000000000000e+03
7.294000000000000000e+03
7.230000000000000000e+03
7.186000000000000000e+03
7.232000000000000000e+03
7.252000000000000000e+03
7.234000000000000000e+03
7.118000000000000000e+03
7.174000000000000000e+03
7.270000000000000000e+03
7.066000000000000000e+03
7.224000000000000000e+03
7.026000000000000000e+03
7.092000000000000000e+03
7.114000000000000000e+03
7.238000000000000000e+03
7.242000000000000000e+03
7.052000000000000000e+03
7.078000000000000000e+03
7.234000000000000000e+03
7.192000000000000000e+03
7.208000000000000000e+03
7.066000000000000000e+03
7.116000000000000000e+03
7.274000000000000000e+03
7.344000000000000000e+03
7.412000000000000000e+03
7.236000000000000000e+03
7.232000000000000000e+03
7.242000000000000000e+03
7.244000000000000000e+03
7.300000000000000000e+03
7.298000000000000000e+03
7.378000000000000000e+03
7.332000000000000000e+03
7.250000000000000000e+03
7.208000000000000000e+03
7.416000000000000000e+03
7.330000000000000000e+03
7.334000000000000000e+03
7.434000000000000000e+03
7.386000000000000000e+03
7.414000000000000000e+03
7.384000000000000000e+03
7.246000000000000000e+03
7.206000000000000000e+03
7.216000000000000000e+03
7.514000000000000000e+03
7.230000000000000000e+03
7.508000000000000000e+03
7.582000000000000000e+03
7.720000000000000000e+03
7.676000000000000000e+03
7.642000000000000000e+03
7.468000000000000000e+03
7.446000000000000000e+03
7.498000000000000000e+03
7.552000000000000000e+03
7.600000000000000000e+03
7.494000000000000000e+03
7.502000000000000000e+03
7.496000000000000000e+03
7.484000000000000000e+03
7.412000000000000000e+03
7.360000000000000000e+03
7.354000000000000000e+03
7.266000000000000000e+03
7.546000000000000000e+03
7.526000000000000000e+03
7.678000000000000000e+03
7.602000000000000000e+03
7.484000000000000000e+03
7.532000000000000000e+03
7.644000000000000000e+03
7.424000000000000000e+03
7.416000000000000000e+03
7.416000000000000000e+03
5.482000000000000000e+03
5.400000000000000000e+03
5.394000000000000000e+03
5.312000000000000000e+03
5.362000000000000000e+03
5.300000000000000000e+03
5.260000000000000000e+03
5.376000000000000000e+03
5.196000000000000000e+03
5.410000000000000000e+03
5.466000000000000000e+03
5.484000000000000000e+03
5.444000000000000000e+03
5.442000000000000000e+03
5.466000000000000000e+03
5.444000000000000000e+03
5.488000000000000000e+03
5.528000000000000000e+03
5.612000000000000000e+03
5.636000000000000000e+03
5.420000000000000000e+03
5.540000000000000000e+03
5.522000000000000000e+03
5.434000000000000000e+03
5.508000000000000000e+03
5.528000000000000000e+03
5.584000000000000000e+03
5.414000000000000000e+03
5.308000000000000000e+03
5.366000000000000000e+03
5.460000000000000000e+03
5.518000000000000000e+03
5.442000000000000000e+03
5.488000000000000000e+03
5.332000000000000000e+03
5.656000000000000000e+03
5.670000000000000000e+03
5.496000000000000000e+03
5.552000000000000000e+03
5.622000000000000000e+03
5.536000000000000000e+03
5.508000000000000000e+03
5.596000000000000000e+03
5.688000000000000000e+03
5.582000000000000000e+03
5.662000000000000000e+03
5.670000000000000000e+03
5.592000000000000000e+03
5.694000000000000000e+03
5.670000000000000000e+03
5.618000000000000000e+03
5.602000000000000000e+03
5.736000000000000000e+03
5.758000000000000000e+03
5.564000000000000000e+03
5.646000000000000000e+03
5.554000000000000000e+03
5.582000000000000000e+03
5.596000000000000000e+03
5.666000000000000000e+03
5.608000000000000000e+03
5.670000000000000000e+03
5.582000000000000000e+03
5.588000000000000000e+03
5.508000000000000000e+03
5.566000000000000000e+03
5.610000000000000000e+03
5.474000000000000000e+03
5.570000000000000000e+03
5.544000000000000000e+03
5.568000000000000000e+03
5.462000000000000000e+03
5.548000000000000000e+03
5.618000000000000000e+03
5.450000000000000000e+03
5.512000000000000000e+03
5.512000000000000000e+03
5.514000000000000000e+03
5.606000000000000000e+03
5.602000000000000000e+03
5.466000000000000000e+03
5.474000000000000000e+03
5.524000000000000000e+03
5.474000000000000000e+03
5.608000000000000000e+03
5.478000000000000000e+03
5.460000000000000000e+03
5.558000000000000000e+03
5.652000000000000000e+03
5.680000000000000000e+03
5.734000000000000000e+03
5.512000000000000000e+03
5.458000000000000000e+03
5.482000000000000000e+03
5.566000000000000000e+03
5.580000000000000000e+03
5.532000000000000000e+03
5.626000000000000000e+03
5.390000000000000000e+03
5.448000000000000000e+03
5.326000000000000000e+03
5.506000000000000000e+03
5.520000000000000000e+03
5.430000000000000000e+03
5.406000000000000000e+03
5.486000000000000000e+03
5.418000000000000000e+03
5.578000000000000000e+03
5.626000000000000000e+03
5.720000000000000000e+03
5.556000000000000000e+03
5.520000000000000000e+03
5.710000000000000000e+03
5.734000000000000000e+03
5.540000000000000000e+03
5.762000000000000000e+03
5.622000000000000000e+03
5.660000000000000000e+03
5.564000000000000000e+03
5.614000000000000000e+03
5.682000000000000000e+03
5.728000000000000000e+03
5.630000000000000000e+03
5.700000000000000000e+03
5.632000000000000000e+03
5.642000000000000000e+03
5.686000000000000000e+03
5.782000000000000000e+03
5.782000000000000000e+03
5.768000000000000000e+03
5.734000000000000000e+03
5.678000000000000000e+03
5.780000000000000000e+03
5.766000000000000000e+03
5.702000000000000000e+03
5.758000000000000000e+03
5.646000000000000000e+03
5.714000000000000000e+03
5.746000000000000000e+03
5.708000000000000000e+03
5.856000000000000000e+03
5.838000000000000000e+03
5.756000000000000000e+03
5.712000000000000000e+03
5.674000000000000000e+03
5.768000000000000000e+03
5.748000000000000000e+03
5.708000000000000000e+03
5.768000000000000000e+03
5.668000000000000000e+03
5.854000000000000000e+03
5.692000000000000000e+03
5.764000000000000000e+03
5.722000000000000000e+03
5.626000000000000000e+03
5.536000000000000000e+03
5.654000000000000000e+03
5.646000000000000000e+03
5.622000000000000000e+03
5.506000000000000000e+03
5.514000000000000000e+03
5.604000000000000000e+03
5.658000000000000000e+03
5.686000000000000000e+03
5.634000000000000000e+03
5.662000000000000000e+03
5.730000000000000000e+03
5.696000000000000000e+03
5.856000000000000000e+03
5.744000000000000000e+03
5.736000000000000000e+03
5.896000000000000000e+03
5.840000000000000000e+03
5.876000000000000000e+03
5.824000000000000000e+03
5.850000000000000000e+03
5.794000000000000000e+03
5.752000000000000000e+03
5.782000000000000000e+03
5.770000000000000000e+03
5.772000000000000000e+03
5.796000000000000000e+03
5.866000000000000000e+03
5.998000000000000000e+03
5.882000000000000000e+03
5.928000000000000000e+03
5.872000000000000000e+03
5.864000000000000000e+03
5.788000000000000000e+03
5.736000000000000000e+03
5.910000000000000000e+03
5.822000000000000000e+03
5.784000000000000000e+03
5.890000000000000000e+03
5.826000000000000000e+03
5.800000000000000000e+03
5.844000000000000000e+03
5.890000000000000000e+03
5.754000000000000000e+03
5.812000000000000000e+03
5.600000000000000000e+03
5.616000000000000000e+03
5.552000000000000000e+03
5.608000000000000000e+03
5.740000000000000000e+03
5.650000000000000000e+03
5.770000000000000000e+03
5.702000000000000000e+03
5.680000000000000000e+03
5.630000000000000000e+03
5.602000000000000000e+03
5.696000000000000000e+03
5.630000000000000000e+03
5.584000000000000000e+03
5.634000000000000000e+03
5.556000000000000000e+03
5.598000000000000000e+03
5.614000000000000000e+03
5.628000000000000000e+03
5.814000000000000000e+03
5.756000000000000000e+03
5.574000000000000000e+03
5.748000000000000000e+03
5.664000000000000000e+03
5.718000000000000000e+03
5.770000000000000000e+03
5.730000000000000000e+03
5.810000000000000000e+03
5.770000000000000000e+03
5.812000000000000000e+03
5.646000000000000000e+03
5.774000000000000000e+03
5.656000000000000000e+03
5.714000000000000000e+03
5.836000000000000000e+03
5.612000000000000000e+03
5.690000000000000000e+03
5.784000000000000000e+03
5.676000000000000000e+03
5.706000000000000000e+03
5.772000000000000000e+03
5.844000000000000000e+03
5.700000000000000000e+03
5.708000000000000000e+03
5.718000000000000000e+03
5.760000000000000000e+03
5.832000000000000000e+03
5.796000000000000000e+03
5.770000000000000000e+03
5.772000000000000000e+03
5.840000000000000000e+03
5.896000000000000000e+03
5.850000000000000000e+03
5.894000000000000000e+03
5.734000000000000000e+03
5.832000000000000000e+03
5.802000000000000000e+03
5.932000000000000000e+03
5.908000000000000000e+03
5.888000000000000000e+03
5.872000000000000000e+03
5.824000000000000000e+03
5.940000000000000000e+03
5.710000000000000000e+03
5.828000000000000000e+03
5.800000000000000000e+03
5.796000000000000000e+03
5.806000000000000000e+03
5.818000000000000000e+03
5.810000000000000000e+03
5.732000000000000000e+03
5.738000000000000000e+03
5.968000000000000000e+03
5.838000000000000000e+03
5.864000000000000000e+03
5.842000000000000000e+03
5.718000000000000000e+03
5.780000000000000000e+03
5.744000000000000000e+03
5.842000000000000000e+03
5.722000000000000000e+03
5.708000000000000000e+03
5.718000000000000000e+03
5.886000000000000000e+03
5.804000000000000000e+03
5.798000000000000000e+03
5.838000000000000000e+03
5.678000000000000000e+03
5.766000000000000000e+03
5.726000000000000000e+03
5.766000000000000000e+03
5.752000000000000000e+03
5.722000000000000000e+03
5.786000000000000000e+03
5.828000000000000000e+03
5.646000000000000000e+03
5.818000000000000000e+03
5.790000000000000000e+03
5.862000000000000000e+03
5.752000000000000000e+03
5.790000000000000000e+03
5.722000000000000000e+03
5.810000000000000000e+03
5.578000000000000000e+03
5.576000000000000000e+03
5.594000000000000000e+03
5.722000000000000000e+03
5.702000000000000000e+03
5.760000000000000000e+03
5.824000000000000000e+03
5.800000000000000000e+03
5.896000000000000000e+03
5.766000000000000000e+03
5.732000000000000000e+03
5.920000000000000000e+03
5.708000000000000000e+03
5.896000000000000000e+03
5.874000000000000000e+03
5.998000000000000000e+03
5.810000000000000000e+03
5.890000000000000000e+03
5.766000000000000000e+03
5.808000000000000000e+03
5.710000000000000000e+03
5.760000000000000000e+03
5.798000000000000000e+03
5.692000000000000000e+03
5.806000000000000000e+03
5.800000000000000000e+03
5.628000000000000000e+03
5.680000000000000000e+03
5.730000000000000000e+03
5.802000000000000000e+03
5.920000000000000000e+03
5.872000000000000000e+03
5.836000000000000000e+03
5.774000000000000000e+03
5.838000000000000000e+03
5.660000000000000000e+03
5.830000000000000000e+03
5.854000000000000000e+03
5.838000000000000000e+03
5.670000000000000000e+03
5.792000000000000000e+03
5.730000000000000000e+03
5.698000000000000000e+03
5.710000000000000000e+03
5.696000000000000000e+03
5.648000000000000000e+03
5.850000000000000000e+03
5.752000000000000000e+03
5.818000000000000000e+03
5.436000000000000000e+03
5.532000000000000000e+03
5.644000000000000000e+03
5.470000000000000000e+03
5.626000000000000000e+03
5.700000000000000000e+03
5.582000000000000000e+03
5.536000000000000000e+03
5.684000000000000000e+03
5.554000000000000000e+03
5.644000000000000000e+03
5.640000000000000000e+03
5.578000000000000000e+03
5.728000000000000000e+03
5.682000000000000000e+03
5.636000000000000000e+03
5.682000000000000000e+03
5.554000000000000000e+03
5.604000000000000000e+03
5.496000000000000000e+03
5.698000000000000000e+03
5.652000000000000000e+03
5.740000000000000000e+03
5.726000000000000000e+03
5.706000000000000000e+03
5.620000000000000000e+03
5.664000000000000000e+03
5.798000000000000000e+03
5.730000000000000000e+03
5.682000000000000000e+03
5.734000000000000000e+03
5.780000000000000000e+03
5.728000000000000000e+03
5.618000000000000000e+03
5.734000000000000000e+03
5.700000000000000000e+03
5.670000000000000000e+03
5.652000000000000000e+03
5.684000000000000000e+03
5.654000000000000000e+03
5.738000000000000000e+03
5.702000000000000000e+03
5.672000000000000000e+03
5.760000000000000000e+03
5.886000000000000000e+03
5.770000000000000000e+03
5.726000000000000000e+03
5.778000000000000000e+03
5.742000000000000000e+03
5.910000000000000000e+03
5.930000000000000000e+03
5.968000000000000000e+03
5.894000000000000000e+03
5.932000000000000000e+03
5.976000000000000000e+03
5.982000000000000000e+03
5.856000000000000000e+03
5.682000000000000000e+03
5.556000000000000000e+03
5.808000000000000000e+03
5.856000000000000000e+03
5.684000000000000000e+03
5.750000000000000000e+03
5.752000000000000000e+03
5.802000000000000000e+03
5.864000000000000000e+03
5.768000000000000000e+03
5.870000000000000000e+03
5.770000000000000000e+03
5.842000000000000000e+03
5.784000000000000000e+03
5.972000000000000000e+03
5.800000000000000000e+03
5.916000000000000000e+03
5.702000000000000000e+03
5.570000000000000000e+03
5.780000000000000000e+03
5.700000000000000000e+03
5.784000000000000000e+03
5.764000000000000000e+03
5.826000000000000000e+03
5.876000000000000000e+03
5.900000000000000000e+03
5.836000000000000000e+03
6.044000000000000000e+03
5.970000000000000000e+03
5.852000000000000000e+03
6.008000000000000000e+03
5.892000000000000000e+03
5.808000000000000000e+03
5.850000000000000000e+03
5.796000000000000000e+03
5.726000000000000000e+03
5.844000000000000000e+03
5.668000000000000000e+03
5.626000000000000000e+03
5.608000000000000000e+03
5.734000000000000000e+03
5.602000000000000000e+03
5.776000000000000000e+03
5.744000000000000000e+03
5.760000000000000000e+03
5.730000000000000000e+03
5.744000000000000000e+03
5.692000000000000000e+03
5.734000000000000000e+03
5.686000000000000000e+03
5.652000000000000000e+03
5.698000000000000000e+03
5.638000000000000000e+03
5.710000000000000000e+03
5.794000000000000000e+03
5.628000000000000000e+03
5.770000000000000000e+03
5.788000000000000000e+03
5.864000000000000000e+03
5.916000000000000000e+03
5.672000000000000000e+03
5.804000000000000000e+03
5.816000000000000000e+03
5.868000000000000000e+03
5.902000000000000000e+03
5.946000000000000000e+03
5.806000000000000000e+03
5.816000000000000000e+03
5.834000000000000000e+03
5.906000000000000000e+03
5.706000000000000000e+03
5.816000000000000000e+03
5.708000000000000000e+03
5.770000000000000000e+03
5.948000000000000000e+03
5.922000000000000000e+03
5.904000000000000000e+03
5.984000000000000000e+03
5.802000000000000000e+03
5.792000000000000000e+03
5.756000000000000000e+03
5.856000000000000000e+03
5.846000000000000000e+03
5.764000000000000000e+03
5.788000000000000000e+03
5.954000000000000000e+03
5.870000000000000000e+03
5.864000000000000000e+03
5.854000000000000000e+03
5.934000000000000000e+03
5.964000000000000000e+03
5.988000000000000000e+03
5.884000000000000000e+03
5.774000000000000000e+03
5.732000000000000000e+03
5.762000000000000000e+03
5.754000000000000000e+03
5.880000000000000000e+03
5.854000000000000000e+03
5.900000000000000000e+03
5.822000000000000000e+03
5.802000000000000000e+03
5.690000000000000000e+03
5.870000000000000000e+03
5.630000000000000000e+03
5.592000000000000000e+03
5.494000000000000000e+03
5.642000000000000000e+03
5.616000000000000000e+03
5.742000000000000000e+03
5.838000000000000000e+03
5.726000000000000000e+03
5.836000000000000000e+03
5.732000000000000000e+03
5.784000000000000000e+03
5.876000000000000000e+03
5.852000000000000000e+03
5.836000000000000000e+03
5.790000000000000000e+03
5.758000000000000000e+03
5.754000000000000000e+03
5.698000000000000000e+03
5.792000000000000000e+03
5.660000000000000000e+03
5.732000000000000000e+03
5.618000000000000000e+03
5.628000000000000000e+03
5.624000000000000000e+03
5.714000000000000000e+03
5.640000000000000000e+03
5.714000000000000000e+03
5.668000000000000000e+03
5.634000000000000000e+03
5.662000000000000000e+03
5.682000000000000000e+03
5.728000000000000000e+03
5.782000000000000000e+03
5.736000000000000000e+03
5.918000000000000000e+03
5.706000000000000000e+03
5.708000000000000000e+03
5.710000000000000000e+03
5.828000000000000000e+03
5.812000000000000000e+03
5.722000000000000000e+03
5.582000000000000000e+03
5.820000000000000000e+03
5.774000000000000000e+03
5.678000000000000000e+03
5.744000000000000000e+03
5.816000000000000000e+03
5.604000000000000000e+03
5.804000000000000000e+03
5.650000000000000000e+03
5.626000000000000000e+03
5.726000000000000000e+03
5.658000000000000000e+03
5.678000000000000000e+03
5.676000000000000000e+03
5.614000000000000000e+03
5.604000000000000000e+03
5.672000000000000000e+03
5.722000000000000000e+03
5.648000000000000000e+03
5.554000000000000000e+03
5.646000000000000000e+03
5.696000000000000000e+03
5.822000000000000000e+03
5.660000000000000000e+03
5.642000000000000000e+03
5.776000000000000000e+03
5.750000000000000000e+03
5.826000000000000000e+03
5.780000000000000000e+03
5.808000000000000000e+03
5.796000000000000000e+03
5.792000000000000000e+03
5.756000000000000000e+03
5.628000000000000000e+03
5.718000000000000000e+03
5.612000000000000000e+03
5.714000000000000000e+03
5.794000000000000000e+03
5.704000000000000000e+03
5.724000000000000000e+03
5.774000000000000000e+03
5.760000000000000000e+03
5.738000000000000000e+03
5.764000000000000000e+03
5.890000000000000000e+03
5.698000000000000000e+03
5.748000000000000000e+03
5.660000000000000000e+03
5.876000000000000000e+03
5.832000000000000000e+03
5.826000000000000000e+03
5.970000000000000000e+03
5.774000000000000000e+03
5.796000000000000000e+03
5.662000000000000000e+03
5.812000000000000000e+03
5.782000000000000000e+03
5.626000000000000000e+03
5.818000000000000000e+03
5.750000000000000000e+03
5.724000000000000000e+03
5.878000000000000000e+03
5.596000000000000000e+03
5.796000000000000000e+03
5.738000000000000000e+03
5.692000000000000000e+03
5.676000000000000000e+03
5.684000000000000000e+03
5.626000000000000000e+03
5.522000000000000000e+03
5.554000000000000000e+03
5.620000000000000000e+03
5.592000000000000000e+03
5.656000000000000000e+03
5.650000000000000000e+03
5.868000000000000000e+03
5.768000000000000000e+03
5.766000000000000000e+03
5.778000000000000000e+03
5.820000000000000000e+03
5.760000000000000000e+03
5.656000000000000000e+03
5.844000000000000000e+03
5.856000000000000000e+03
5.820000000000000000e+03
5.628000000000000000e+03
5.802000000000000000e+03
5.754000000000000000e+03
5.860000000000000000e+03
5.900000000000000000e+03
5.844000000000000000e+03
5.892000000000000000e+03
5.970000000000000000e+03
5.874000000000000000e+03
5.864000000000000000e+03
5.848000000000000000e+03
5.972000000000000000e+03
5.764000000000000000e+03
5.746000000000000000e+03
5.820000000000000000e+03
5.766000000000000000e+03
5.802000000000000000e+03
5.812000000000000000e+03
5.762000000000000000e+03
5.836000000000000000e+03
5.760000000000000000e+03
5.858000000000000000e+03
5.270000000000000000e+03
5.284000000000000000e+03
5.258000000000000000e+03
5.332000000000000000e+03
5.256000000000000000e+03
5.282000000000000000e+03
5.342000000000000000e+03
5.236000000000000000e+03
5.264000000000000000e+03
5.390000000000000000e+03
5.278000000000000000e+03
5.228000000000000000e+03
5.336000000000000000e+03
5.220000000000000000e+03
5.316000000000000000e+03
5.380000000000000000e+03
5.390000000000000000e+03
5.340000000000000000e+03
5.374000000000000000e+03
5.286000000000000000e+03
5.454000000000000000e+03
5.258000000000000000e+03
5.384000000000000000e+03
5.218000000000000000e+03
5.252000000000000000e+03
5.296000000000000000e+03
5.282000000000000000e+03
5.326000000000000000e+03
5.316000000000000000e+03
5.356000000000000000e+03
5.368000000000000000e+03
5.248000000000000000e+03
5.124000000000000000e+03
5.318000000000000000e+03
5.314000000000000000e+03
5.288000000000000000e+03
5.290000000000000000e+03
5.276000000000000000e+03
5.188000000000000000e+03
5.302000000000000000e+03
5.262000000000000000e+03
5.310000000000000000e+03
5.270000000000000000e+03
5.330000000000000000e+03
5.382000000000000000e+03
5.328000000000000000e+03
5.418000000000000000e+03
5.210000000000000000e+03
5.072000000000000000e+03
5.288000000000000000e+03
5.222000000000000000e+03
5.252000000000000000e+03
5.256000000000000000e+03
5.436000000000000000e+03
5.562000000000000000e+03
5.766000000000000000e+03
5.332000000000000000e+03
5.370000000000000000e+03
5.270000000000000000e+03
5.438000000000000000e+03
5.366000000000000000e+03
5.576000000000000000e+03
5.308000000000000000e+03
5.286000000000000000e+03
5.120000000000000000e+03
5.076000000000000000e+03
5.300000000000000000e+03
5.454000000000000000e+03
5.296000000000000000e+03
5.166000000000000000e+03
5.256000000000000000e+03
5.224000000000000000e+03
5.308000000000000000e+03
5.514000000000000000e+03
5.418000000000000000e+03
5.360000000000000000e+03
5.432000000000000000e+03
5.374000000000000000e+03
5.288000000000000000e+03
5.316000000000000000e+03
5.602000000000000000e+03
5.468000000000000000e+03
5.486000000000000000e+03
5.544000000000000000e+03
5.496000000000000000e+03
5.566000000000000000e+03
5.434000000000000000e+03
5.420000000000000000e+03
5.478000000000000000e+03
5.472000000000000000e+03
5.430000000000000000e+03
5.446000000000000000e+03
5.476000000000000000e+03
5.604000000000000000e+03
5.494000000000000000e+03
5.380000000000000000e+03
5.494000000000000000e+03
5.480000000000000000e+03
5.454000000000000000e+03
5.380000000000000000e+03
5.266000000000000000e+03
5.364000000000000000e+03
5.368000000000000000e+03
5.426000000000000000e+03
5.554000000000000000e+03
5.480000000000000000e+03
5.416000000000000000e+03
5.500000000000000000e+03
5.546000000000000000e+03
5.750000000000000000e+03
5.378000000000000000e+03
5.502000000000000000e+03
5.504000000000000000e+03
5.618000000000000000e+03
5.406000000000000000e+03
5.368000000000000000e+03
5.390000000000000000e+03
5.440000000000000000e+03
5.484000000000000000e+03
5.522000000000000000e+03
5.508000000000000000e+03
5.576000000000000000e+03
5.538000000000000000e+03
5.370000000000000000e+03
5.430000000000000000e+03
5.482000000000000000e+03
5.520000000000000000e+03
5.444000000000000000e+03
5.408000000000000000e+03
5.480000000000000000e+03
5.312000000000000000e+03
5.396000000000000000e+03
5.446000000000000000e+03
5.368000000000000000e+03
5.074000000000000000e+03
5.278000000000000000e+03
5.208000000000000000e+03
5.312000000000000000e+03
5.432000000000000000e+03
5.500000000000000000e+03
5.576000000000000000e+03
5.494000000000000000e+03
5.376000000000000000e+03
5.486000000000000000e+03
5.502000000000000000e+03
5.564000000000000000e+03
5.494000000000000000e+03
5.542000000000000000e+03
5.514000000000000000e+03
5.540000000000000000e+03
5.512000000000000000e+03
5.510000000000000000e+03
5.682000000000000000e+03
5.678000000000000000e+03
5.488000000000000000e+03
5.456000000000000000e+03
5.480000000000000000e+03
5.588000000000000000e+03
5.526000000000000000e+03
5.424000000000000000e+03
5.456000000000000000e+03
5.598000000000000000e+03
5.524000000000000000e+03
5.454000000000000000e+03
5.476000000000000000e+03
5.630000000000000000e+03
5.650000000000000000e+03
5.752000000000000000e+03
5.466000000000000000e+03
5.696000000000000000e+03
5.616000000000000000e+03
5.652000000000000000e+03
5.590000000000000000e+03
5.702000000000000000e+03
5.666000000000000000e+03
5.412000000000000000e+03
5.494000000000000000e+03
5.540000000000000000e+03
5.430000000000000000e+03
5.486000000000000000e+03
5.440000000000000000e+03
5.412000000000000000e+03
5.394000000000000000e+03
5.580000000000000000e+03
5.516000000000000000e+03
5.388000000000000000e+03
5.624000000000000000e+03
5.530000000000000000e+03
5.578000000000000000e+03
5.476000000000000000e+03
5.526000000000000000e+03
5.382000000000000000e+03
5.544000000000000000e+03
5.594000000000000000e+03
5.610000000000000000e+03
5.652000000000000000e+03
5.626000000000000000e+03
5.532000000000000000e+03
5.656000000000000000e+03
5.716000000000000000e+03
5.562000000000000000e+03
5.792000000000000000e+03
5.838000000000000000e+03
5.704000000000000000e+03
5.760000000000000000e+03
5.930000000000000000e+03
5.948000000000000000e+03
5.950000000000000000e+03
5.832000000000000000e+03
6.002000000000000000e+03
5.920000000000000000e+03
5.810000000000000000e+03
5.956000000000000000e+03
5.970000000000000000e+03
5.862000000000000000e+03
5.844000000000000000e+03
5.868000000000000000e+03
5.888000000000000000e+03
5.890000000000000000e+03
5.756000000000000000e+03
5.868000000000000000e+03
5.904000000000000000e+03
5.810000000000000000e+03
5.770000000000000000e+03
5.714000000000000000e+03
5.730000000000000000e+03
5.834000000000000000e+03
5.812000000000000000e+03
5.824000000000000000e+03
5.876000000000000000e+03
5.672000000000000000e+03
5.748000000000000000e+03
5.876000000000000000e+03
5.642000000000000000e+03
5.710000000000000000e+03
5.762000000000000000e+03
5.754000000000000000e+03
5.802000000000000000e+03
5.912000000000000000e+03
5.818000000000000000e+03
5.786000000000000000e+03
5.788000000000000000e+03
5.738000000000000000e+03
5.894000000000000000e+03
5.858000000000000000e+03
5.776000000000000000e+03
5.686000000000000000e+03
5.670000000000000000e+03
5.642000000000000000e+03
5.672000000000000000e+03
5.768000000000000000e+03
5.828000000000000000e+03
5.740000000000000000e+03
5.650000000000000000e+03
5.690000000000000000e+03
5.782000000000000000e+03
5.764000000000000000e+03
5.708000000000000000e+03
5.862000000000000000e+03
5.768000000000000000e+03
5.844000000000000000e+03
5.808000000000000000e+03
5.956000000000000000e+03
5.914000000000000000e+03
5.758000000000000000e+03
5.678000000000000000e+03
5.558000000000000000e+03
5.544000000000000000e+03
5.594000000000000000e+03
5.622000000000000000e+03
5.570000000000000000e+03
5.732000000000000000e+03
5.752000000000000000e+03
5.822000000000000000e+03
5.726000000000000000e+03
5.732000000000000000e+03
5.730000000000000000e+03
5.728000000000000000e+03
5.704000000000000000e+03
5.660000000000000000e+03
5.702000000000000000e+03
5.894000000000000000e+03
6.042000000000000000e+03
5.936000000000000000e+03
6.002000000000000000e+03
5.788000000000000000e+03
5.956000000000000000e+03
5.882000000000000000e+03
5.878000000000000000e+03
5.756000000000000000e+03
5.716000000000000000e+03
5.728000000000000000e+03
5.866000000000000000e+03
5.886000000000000000e+03
5.924000000000000000e+03
5.904000000000000000e+03
5.936000000000000000e+03
5.984000000000000000e+03
5.946000000000000000e+03
6.010000000000000000e+03
6.082000000000000000e+03
5.950000000000000000e+03
6.054000000000000000e+03
5.956000000000000000e+03
5.888000000000000000e+03
5.914000000000000000e+03
5.806000000000000000e+03
5.946000000000000000e+03
5.816000000000000000e+03
5.786000000000000000e+03
5.846000000000000000e+03
5.824000000000000000e+03
5.738000000000000000e+03
5.724000000000000000e+03
5.968000000000000000e+03
5.848000000000000000e+03
5.848000000000000000e+03
5.832000000000000000e+03
5.830000000000000000e+03
5.832000000000000000e+03
5.946000000000000000e+03
5.928000000000000000e+03
6.010000000000000000e+03
6.072000000000000000e+03
6.096000000000000000e+03
5.960000000000000000e+03
5.948000000000000000e+03
5.960000000000000000e+03
5.902000000000000000e+03
5.892000000000000000e+03
5.850000000000000000e+03
5.746000000000000000e+03
5.818000000000000000e+03
5.836000000000000000e+03
6.034000000000000000e+03
6.012000000000000000e+03
5.882000000000000000e+03
6.004000000000000000e+03
5.892000000000000000e+03
5.980000000000000000e+03
5.714000000000000000e+03
5.926000000000000000e+03
5.694000000000000000e+03
5.636000000000000000e+03
5.652000000000000000e+03
5.640000000000000000e+03
5.606000000000000000e+03
5.552000000000000000e+03
5.746000000000000000e+03
5.686000000000000000e+03
5.930000000000000000e+03
5.820000000000000000e+03
5.784000000000000000e+03
5.864000000000000000e+03
5.740000000000000000e+03
5.908000000000000000e+03
6.118000000000000000e+03
5.902000000000000000e+03
5.920000000000000000e+03
5.878000000000000000e+03
5.838000000000000000e+03
5.882000000000000000e+03
5.866000000000000000e+03
5.892000000000000000e+03
6.182000000000000000e+03
6.072000000000000000e+03
6.192000000000000000e+03
6.054000000000000000e+03
6.126000000000000000e+03
6.116000000000000000e+03
6.200000000000000000e+03
6.290000000000000000e+03
6.156000000000000000e+03
6.212000000000000000e+03
6.148000000000000000e+03
6.068000000000000000e+03
6.238000000000000000e+03
6.166000000000000000e+03
6.056000000000000000e+03
5.912000000000000000e+03
6.250000000000000000e+03
6.158000000000000000e+03
6.012000000000000000e+03
6.086000000000000000e+03
6.176000000000000000e+03
6.038000000000000000e+03
6.184000000000000000e+03
6.124000000000000000e+03
6.142000000000000000e+03
6.156000000000000000e+03
5.986000000000000000e+03
6.122000000000000000e+03
6.136000000000000000e+03
6.114000000000000000e+03
6.312000000000000000e+03
6.244000000000000000e+03
6.238000000000000000e+03
6.264000000000000000e+03
6.216000000000000000e+03
6.528000000000000000e+03
6.680000000000000000e+03
6.446000000000000000e+03
6.536000000000000000e+03
6.486000000000000000e+03
6.506000000000000000e+03
6.386000000000000000e+03
6.370000000000000000e+03
6.330000000000000000e+03
6.338000000000000000e+03
6.306000000000000000e+03
6.448000000000000000e+03
6.400000000000000000e+03
6.424000000000000000e+03
6.390000000000000000e+03
6.300000000000000000e+03
6.506000000000000000e+03
6.306000000000000000e+03
6.374000000000000000e+03
6.290000000000000000e+03
6.268000000000000000e+03
6.382000000000000000e+03
6.258000000000000000e+03
6.428000000000000000e+03
6.422000000000000000e+03
6.346000000000000000e+03
6.286000000000000000e+03
6.318000000000000000e+03
6.442000000000000000e+03
6.472000000000000000e+03
6.294000000000000000e+03
6.388000000000000000e+03
6.500000000000000000e+03
6.372000000000000000e+03
6.384000000000000000e+03
6.580000000000000000e+03
6.582000000000000000e+03
6.344000000000000000e+03
6.532000000000000000e+03
6.576000000000000000e+03
6.596000000000000000e+03
6.412000000000000000e+03
6.524000000000000000e+03
6.370000000000000000e+03
6.516000000000000000e+03
6.566000000000000000e+03
6.526000000000000000e+03
6.496000000000000000e+03
6.610000000000000000e+03
6.540000000000000000e+03
6.472000000000000000e+03
6.564000000000000000e+03
6.564000000000000000e+03
6.370000000000000000e+03
6.506000000000000000e+03
6.430000000000000000e+03
6.502000000000000000e+03
6.578000000000000000e+03
6.354000000000000000e+03
6.492000000000000000e+03
6.326000000000000000e+03
6.438000000000000000e+03
6.296000000000000000e+03
6.536000000000000000e+03
6.498000000000000000e+03
6.472000000000000000e+03
6.352000000000000000e+03
6.472000000000000000e+03
6.678000000000000000e+03
6.510000000000000000e+03
6.600000000000000000e+03
6.580000000000000000e+03
6.414000000000000000e+03
6.406000000000000000e+03
6.492000000000000000e+03
6.396000000000000000e+03
6.448000000000000000e+03
6.568000000000000000e+03
6.378000000000000000e+03
6.472000000000000000e+03
6.388000000000000000e+03
6.582000000000000000e+03
6.424000000000000000e+03
6.402000000000000000e+03
6.520000000000000000e+03
6.312000000000000000e+03
6.226000000000000000e+03
6.342000000000000000e+03
6.374000000000000000e+03
6.408000000000000000e+03
6.350000000000000000e+03
6.568000000000000000e+03
6.430000000000000000e+03
6.346000000000000000e+03
6.234000000000000000e+03
6.308000000000000000e+03
6.254000000000000000e+03
6.344000000000000000e+03
6.316000000000000000e+03
6.184000000000000000e+03
6.374000000000000000e+03
6.394000000000000000e+03
6.334000000000000000e+03
