0	0.092578586786352	3 + 1
1	0.09617744566559057	3 + 1
2	0.0912818246808321	3 + 1
3	0.09704759095109101	3 + 1
4	0.10063001517971619	3 + 1
5	0.1114826598582444	3 + 1
6	0.10315502616683918	3 + 1
7	0.12432783059849588	3 + 1
8	0.15919009084432403	3 + 1
9	0.13942655931208933	3 + 1
10	0.17574324213409664	3 + 1
11	0.2149594196931157	3 + 1
12	0.23275641996991378	3 + 1
13	0.17974285468340492	3 + 1
14	0.19690793250078836	3 + 1
15	0.16814906275837815	3 + 1
16	0.19080785562061928	3 + 1
17	0.18192618324238577	3 + 1
18	0.15215717991709027	3 + 1
19	0.14742817274138717	3 + 1
20	0.13465656104486684	3 + 1
21	0.14648901781168985	3 + 1
22	0.14673215385331723	3 + 1
23	0.13425552985014724	3 + 1
24	0.12908489322297606	3 + 1
25	0.11604909856309499	3 + 1
26	0.09852551962909797	3 + 1
27	0.1307520026350963	3 + 1
28	0.10214694010385945	3 + 1
29	0.10138277817939514	3 + 1
30	0.09653109004863338	3 + 1
31	0.11024475001302507	3 + 1
32	0.0933852787110973	3 + 1
33	0.08187706897992279	3 + 1
34	0.092260884719988	3 + 1
35	0.09854971129203409	3 + 1
36	0.07906627190321115	3 + 1
37	0.08077553835482303	3 + 1
38	0.08253198569386756	3 + 1
39	0.0751269789550752	3 + 1
40	0.07864186190142392	3 + 1
41	0.07763019631912926	3 + 1
42	0.0735271392170764	3 + 1
43	0.07929417791478523	3 + 1
44	0.07702162120210372	3 + 1
45	0.07689819690756783	3 + 1
46	0.07401003451023358	3 + 1
47	0.07178800772460543	3 + 1
48	0.07621786400187466	3 + 1
49	0.06997882750679109	3 + 1
50	0.07984388195562227	3 + 1
51	0.0772401379854207	3 + 1
52	0.08276211677494694	3 + 1
53	0.09192862498249749	3 + 1
54	0.09461052517100746	3 + 1
55	0.09821953279919692	3 + 1
56	0.10635462307646626	3 + 1
57	0.1254377416505566	3 + 1
58	0.12146848165472221	3 + 1
59	0.13084997632140208	3 + 1
60	0.15937132663054163	3 + 1
61	0.16108560870786773	3 + 1
62	0.12169296310146095	3 + 1
63	0.1104376984581201	3 + 1
64	0.1180433957283398	3 + 1
65	0.11106261649450926	3 + 1
66	0.09751823080045485	3 + 1
67	0.09564753723838247	3 + 1
68	0.09789877007084583	3 + 1
69	0.08659595778934964	3 + 1
70	0.09477948573203485	3 + 1
71	0.07451721724751652	3 + 1
72	0.07732790989165393	3 + 1
73	0.07030992622858113	3 + 1
74	0.06925506708871229	3 + 1
75	0.07028088867488694	3 + 1
76	0.0738032214683926	3 + 1
77	0.06543663464750522	3 + 1
78	0.06284960284290406	3 + 1
79	0.06524833584498688	3 + 1
80	0.05881419429479187	3 + 1
81	0.05817085838762533	3 + 1
82	0.06107627055713915	3 + 1
83	0.05960092045830133	3 + 1
84	0.05666076285999543	3 + 1
85	0.05883942858487312	3 + 1
86	0.06667581640071671	3 + 1
87	0.08263746295922882	3 + 1
88	0.0779579432389204	3 + 1
89	0.06666401360909997	3 + 1
90	0.08199036982577301	3 + 1
91	0.08253897695193785	3 + 1
92	0.09758113201598104	3 + 1
93	0.07553179846174798	3 + 1
94	0.08017493167563874	3 + 1
95	0.07056139099209216	3 + 1
96	0.0982100557293272	3 + 1
97	0.09180978273057747	3 + 1
98	0.11997263767498194	3 + 1
99	0.08999837453733238	3 + 1
100	0.11076380429285858	3 + 1
101	0.19334288026987448	3 + 1
102	0.13135782347546068	3 + 1
103	0.1941308474270226	3 + 1
104	0.14318007551322087	3 + 1
105	0.14339797252738842	3 + 1
106	0.14250384657950826	3 + 1
107	0.10113998085127096	3 + 1
108	0.1006486879970309	3 + 1
109	0.14621071859181445	3 + 1
110	0.14333878684873602	3 + 1
111	0.13649873959778905	3 + 1
112	0.12272851400555215	3 + 1
113	0.12546653133518765	3 + 1
114	0.18266159651383598	3 + 1
115	0.1581079594013255	3 + 1
116	0.22594840551847065	3 + 1
117	0.10856241171205075	3 + 1
118	0.2643054372273984	3 + 1
119	0.3993792784990072	3 + 1
120	0.2213292169478648	3 + 1
121	0.2435226818380478	3 + 1
122	0.11313289567274648	3 + 1
123	0.4527760014768135	3 + 1
124	0.17785813816480728	3 + 1
125	0.16548542507271322	3 + 1
126	0.41521198849680746	3 + 1
127	0.27337469556276295	3 + 1
128	0.2868130119403675	3 + 1
129	0.13230590580165125	3 + 1
130	0.1374215180719831	3 + 1
131	0.1020563068765765	3 + 1
132	0.2539288840574522	3 + 1
133	0.3540719227220957	3 + 1
134	0.28905258781749005	3 + 1
135	0.1822737471685219	3 + 1
136	0.12596415392771307	3 + 1
137	0.15618795060246743	3 + 1
138	0.12353575462128163	3 + 1
139	0.13350031092913212	3 + 1
140	0.15081814704235197	3 + 1
141	0.14088843706586274	3 + 1
142	0.15163837522527657	3 + 1
143	0.1592696955391283	3 + 1
144	0.09867184699302643	3 + 1
145	0.1761168675755897	3 + 1
146	0.27804718215898283	3 + 1
147	0.21479797287097094	3 + 1
148	0.1617868632335142	3 + 1
149	0.14646283753194006	3 + 1
150	0.11811301376051643	3 + 1
151	0.09974987133899522	3 + 1
152	0.08319422087550585	3 + 1
153	0.07608745245377786	3 + 1
154	0.08808192166844055	3 + 1
155	0.13260135754701613	3 + 1
156	0.09537178041358303	3 + 1
157	0.1058923488130503	3 + 1
158	0.09132888584534239	3 + 1
159	0.11599290425827566	3 + 1
160	0.06278606675912836	3 + 1
161	0.08944645742776525	3 + 1
162	0.05282298876051843	3 + 1
163	0.053090991019933365	3 + 1
164	0.05047035007738119	3 + 1
165	0.06156469411730855	3 + 1
166	0.05252255281986152	3 + 1
167	0.07240113064295858	3 + 1
168	0.07004801652096375	3 + 1
169	0.08421619314967395	3 + 1
170	0.07195732353163001	3 + 1
171	0.06934960263117854	3 + 1
172	0.08377757704150342	3 + 1
173	0.06440073392190078	3 + 1
174	0.06951196780991017	3 + 1
175	0.11002565880272824	3 + 1
176	0.0888253020087335	3 + 1
177	0.06347535756058043	3 + 1
178	0.0654394400623937	3 + 1
179	0.06405549827358333	3 + 1
180	0.06943249162906147	3 + 1
181	0.06257608169139127	3 + 1
182	0.06369904926521086	3 + 1
183	0.05829162848995164	3 + 1
184	0.0710867694216953	3 + 1
185	0.07011962011439932	3 + 1
186	0.09978447364817693	3 + 1
187	0.08795107522353576	3 + 1
188	0.1152500055292366	3 + 1
189	0.08490071804916755	3 + 1
190	0.06297223536579874	3 + 1
191	0.06873991576514289	3 + 1
192	0.07753380058346972	3 + 1
193	0.05849725374991148	3 + 1
194	0.06195529093342083	3 + 1
195	0.06667018111920138	3 + 1
196	0.06008758579313951	3 + 1
197	0.058148731701858164	3 + 1
198	0.06038467885237633	3 + 1
199	0.059377153856478106	3 + 1
200	0.0611313938191393	3 + 1
201	0.06440107784635912	3 + 1
202	0.06656346108513313	3 + 1
203	0.061642528796355345	3 + 1
204	0.059635597027694054	3 + 1
205	0.06417472092014029	3 + 1
206	0.06316884303781907	3 + 1
207	0.06522678194258835	3 + 1
208	0.06587626712753587	3 + 1
209	0.061128720389891235	3 + 1
210	0.0633646804602706	3 + 1
211	0.06486582975917214	3 + 1
212	0.059921088006033144	3 + 1
213	0.058241362724406553	3 + 1
214	0.05763340095446866	3 + 1
215	0.05654653102791963	3 + 1
216	0.05562698193924668	3 + 1
217	0.05641916922034784	3 + 1
218	0.056337003337383944	3 + 1
219	0.05657020835624356	3 + 1
220	0.059725316622239635	3 + 1
221	0.06403944991498568	3 + 1
222	0.0575961730985702	3 + 1
223	0.0558334857755839	3 + 1
224	0.05620109518145347	3 + 1
225	0.05743925957655781	3 + 1
226	0.05632931311718339	3 + 1
227	0.05384569839836311	3 + 1
228	0.05652659017809897	3 + 1
229	0.06863720134037862	3 + 1
230	0.05279584466320372	3 + 1
231	0.05492337744077882	3 + 1
232	0.05639462185433482	3 + 1
233	0.05601301954945698	3 + 1
234	0.051688506065360185	3 + 1
235	0.05388681791121379	3 + 1
236	0.057296308796761626	3 + 1
237	0.066360114304587	3 + 1
238	0.06754639901003337	3 + 1
239	0.06788222693397729	3 + 1
240	0.06809469600602192	3 + 1
241	0.07044967069259572	3 + 1
242	0.07360282651591642	3 + 1
243	0.07341104868565523	3 + 1
244	0.07744245915853136	3 + 1
245	0.07539849715591794	3 + 1
246	0.07048571255378039	3 + 1
247	0.07706053786890758	3 + 1
248	0.07517898142108685	3 + 1
249	0.0826460811866096	3 + 1
250	0.08499591339180759	3 + 1
251	0.09383810709582599	3 + 1
252	0.08422180748643711	3 + 1
253	0.08785015856971753	3 + 1
254	0.09811622474598047	3 + 1
255	0.08861568854612846	3 + 1
256	0.09554466112080157	3 + 1
257	0.09464459669155416	3 + 1
258	0.10907531792185167	3 + 1
259	0.1068692121958907	3 + 1
260	0.10886025298831528	3 + 1
261	0.10803339751326278	3 + 1
262	0.11794182977894588	3 + 1
263	0.1299988398982815	3 + 1
264	0.11830686316876349	3 + 1
265	0.10766233941646763	3 + 1
266	0.12197454769645422	3 + 1
267	0.12460102749949106	3 + 1
268	0.13549395620392934	3 + 1
269	0.14023416703424746	3 + 1
270	0.16499520073402615	3 + 1
271	0.16348988049141033	3 + 1
272	0.16028260491451327	3 + 1
273	0.1727073174195902	3 + 1
274	0.14993489850797379	3 + 1
275	0.17988390403493357	3 + 1
276	0.20409543200449537	3 + 1
277	0.16781940542609533	3 + 1
278	0.2185638305317024	3 + 1
279	0.18642725077941785	3 + 1
280	0.19953989229149027	3 + 1
281	0.2551085718851584	3 + 1
282	0.25014900262279327	3 + 1
283	0.38562960380701167	3 + 1
284	0.357846840798253	3 + 1
285	0.26853276228362094	3 + 1
286	0.38819700744665825	3 + 1
287	0.31962423135826357	3 + 1
288	0.3651402000708136	3 + 1
289	0.20431221280590742	3 + 1
290	0.5215829930380115	3 + 1
291	0.3105904108735316	3 + 1
292	0.3120302764016775	3 + 1
293	0.6044439132472508	3 + 1
294	0.1924907723563575	3 + 1
295	0.23883965837545643	3 + 1
296	0.22907094663949149	3 + 1
297	0.25579247441307845	3 + 1
298	0.2561397732530263	3 + 1
299	0.3490509814976097	3 + 1
300	0.2728411737223321	3 + 1
301	0.3374948403395803	3 + 1
302	0.4118001152171643	3 + 1
303	0.23266711784806848	3 + 1
304	0.23376481004086772	3 + 1
305	0.3836920934740572	3 + 1
306	0.3613100590671381	3 + 1
307	0.2332595538617294	3 + 1
308	0.21076500371181403	3 + 1
309	0.2966532996563048	3 + 1
310	0.1624742274202868	3 + 1
311	0.15648690341164057	3 + 1
312	0.224365867986483	3 + 1
313	0.20827787449287413	3 + 1
314	0.15240573050199882	3 + 1
315	0.1430263006804173	3 + 1
316	0.17139543995517928	3 + 1
317	0.1370477265860614	3 + 1
318	0.14437674421767152	3 + 1
319	0.1975907743186797	3 + 1
320	0.24138495801879906	3 + 1
321	0.24283426812404874	3 + 1
322	0.1878005239096847	3 + 1
323	0.16114484301073212	3 + 1
324	0.1489353255860772	3 + 1
325	0.174872916864727	3 + 1
326	0.1428746394354627	3 + 1
327	0.19965783494241354	3 + 1
328	0.2172681345398611	3 + 1
329	0.21149645869393172	3 + 1
330	0.19631165537268694	3 + 1
331	0.18771912434646768	3 + 1
332	0.18592313576468328	3 + 1
333	0.18700824056501747	3 + 1
334	0.23881128460180798	3 + 1
335	0.33815899581839814	3 + 1
336	0.3569996301699748	3 + 1
337	0.2690584185978926	3 + 1
338	0.3599862178294549	3 + 1
339	0.2604356909392962	3 + 1
340	0.19524982676526303	3 + 1
341	0.14550775309960645	3 + 1
342	0.12281578782894575	3 + 1
343	0.1321502735685883	3 + 1
344	0.15005064946716448	3 + 1
345	0.14035703319613	3 + 1
346	0.16571608593554257	3 + 1
347	0.17539020674925498	3 + 1
348	0.17125500815537065	3 + 1
349	0.1895431850936014	3 + 1
350	0.14512097029246962	3 + 1
351	0.12634696472324736	3 + 1
352	0.11177357603256464	3 + 1
353	0.11117079883838905	3 + 1
354	0.12300533591965235	3 + 1
355	0.11792760327466223	3 + 1
356	0.1151410177427476	3 + 1
357	0.11113719632422231	3 + 1
358	0.11711720114535597	3 + 1
359	0.13648863688640053	3 + 1
360	0.12363477494615557	3 + 1
361	0.11709616222160013	3 + 1
362	0.10698577713301896	3 + 1
363	0.1142426295812838	3 + 1
364	0.09941094967910033	3 + 1
365	0.10294229368862408	3 + 1
366	0.10957890100530387	3 + 1
367	0.11018046836412429	3 + 1
368	0.1208403573594249	3 + 1
369	0.1329574008527385	3 + 1
370	0.1133047480950167	3 + 1
371	0.11252769759092938	3 + 1
372	0.1119238589264487	3 + 1
373	0.10342289768642873	3 + 1
374	0.10431058008922962	3 + 1
375	0.09982733565431219	3 + 1
376	0.10960286527828114	3 + 1
377	0.10729427566867392	3 + 1
378	0.1132578454620761	3 + 1
379	0.09722048648928029	3 + 1
380	0.10108948230991177	3 + 1
381	0.10758057414544892	3 + 1
382	0.10599853147412798	3 + 1
383	0.09377970641789456	3 + 1
384	0.10016873427816196	3 + 1
385	0.09628671804675014	3 + 1
386	0.0909686037063702	3 + 1
387	0.09910211727779861	3 + 1
388	0.09257287658319478	3 + 1
389	0.09406229515749964	3 + 1
390	0.09146979189221396	3 + 1
391	0.09867839414029625	3 + 1
392	0.08706611884912722	3 + 1
393	0.09226049898914748	3 + 1
394	0.09045435398201787	3 + 1
395	0.07737576087362004	3 + 1
396	0.07928712394466261	3 + 1
397	0.07963307131639777	3 + 1
398	0.07366195871045078	3 + 1
399	0.06556077226211449	3 + 1
400	0.06652585512285697	3 + 1
401	0.06361641706315499	3 + 1
402	0.06885444630601911	3 + 1
403	0.06644322955231773	3 + 1
404	0.06708816708141879	3 + 1
405	0.06878231785833022	3 + 1
406	0.06927835465192213	3 + 1
407	0.06866682547817385	3 + 1
408	0.07198893430667039	3 + 1
409	0.07549688839513069	3 + 1
410	0.07592534438957962	3 + 1
411	0.0820448105652365	3 + 1
412	0.08660748436909796	3 + 1
413	0.090989044020006	3 + 1
414	0.08966007107774313	3 + 1
415	0.10484224906206806	3 + 1
416	0.10941512230885096	3 + 1
417	0.09480087350103042	3 + 1
418	0.10013399322763032	3 + 1
419	0.10455720449068437	3 + 1
420	0.1030666633347252	3 + 1
421	0.10082018427411985	3 + 1
422	0.10065212307628482	3 + 1
423	0.10081046769851487	3 + 1
424	0.11203022384630583	3 + 1
425	0.10539054871774457	3 + 1
426	0.12216884964702847	3 + 1
427	0.09645095462861476	3 + 1
428	0.09827705839726095	3 + 1
429	0.11113630860995048	3 + 1
430	0.11322068194634964	3 + 1
431	0.10543017826294208	3 + 1
432	0.0910955639456287	3 + 1
433	0.09571640250471108	3 + 1
434	0.0905244993756214	3 + 1
435	0.09768809795550566	3 + 1
436	0.10684685995608535	3 + 1
437	0.12369100896997258	3 + 1
438	0.12574704517747404	3 + 1
439	0.12067741685532708	3 + 1
440	0.10201162533163383	3 + 1
441	0.12675063430630085	3 + 1
442	0.13244798003425567	3 + 1
443	0.11763652303210698	3 + 1
444	0.12140615660794998	3 + 1
445	0.12007846584906358	3 + 1
446	0.11734821457053204	3 + 1
447	0.11757105117823624	3 + 1
448	0.09552663358778378	3 + 1
449	0.08639645918500535	3 + 1
450	0.09423381165234802	3 + 1
451	0.0891149841331588	3 + 1
452	0.094116511895523	3 + 1
453	0.0856312009619546	3 + 1
454	0.09091321581051595	3 + 1
455	0.1077196654918898	3 + 1
456	0.11850329065770038	3 + 1
457	0.11020720046268193	3 + 1
458	0.1100058538471937	3 + 1
459	0.11390861601905675	3 + 1
460	0.11621973519324898	3 + 1
461	0.1256509943369106	3 + 1
462	0.12055356375887619	3 + 1
463	0.10939905358742054	3 + 1
464	0.10442713885509983	3 + 1
465	0.09247945136661088	3 + 1
466	0.09439739215652691	3 + 1
467	0.09225620474419921	3 + 1
468	0.09346198074977329	3 + 1
469	0.0939710168222281	3 + 1
470	0.09282433494845789	3 + 1
471	0.11566032784486813	3 + 1
472	0.11826997142659548	3 + 1
473	0.10256206247188213	3 + 1
474	0.1109696082575846	3 + 1
475	0.10857440452345793	3 + 1
476	0.10934654746670792	3 + 1
477	0.12008091013938495	3 + 1
478	0.12230070000961926	3 + 1
479	0.11196680929264921	3 + 1
480	0.10651679912032315	3 + 1
481	0.11503877290622949	3 + 1
482	0.10905731666716773	3 + 1
483	0.11796634467492013	3 + 1
484	0.09861299341339749	3 + 1
485	0.08514104245517091	3 + 1
486	0.08580788626600296	3 + 1
487	0.09029872377188726	3 + 1
488	0.08931198699230683	3 + 1
489	0.09467446480761313	3 + 1
490	0.10784376828053209	3 + 1
491	0.10219165468885401	3 + 1
492	0.12971045973125034	3 + 1
493	0.12255374162574986	3 + 1
494	0.12871073527967936	3 + 1
495	0.11899507235801966	3 + 1
496	0.1208474872127806	3 + 1
497	0.15495980525266698	3 + 1
498	0.13421246324708044	3 + 1
499	0.12666056001654735	3 + 1
500	0.14098352280741122	3 + 1
501	0.13853582819263155	3 + 1
502	0.15664086546563094	3 + 1
503	0.13074671751499894	3 + 1
504	0.13237867532345207	3 + 1
505	0.12300668825564645	3 + 1
506	0.12657194676382866	3 + 1
507	0.11892416128392805	3 + 1
508	0.11456399555210951	3 + 1
509	0.12752281147518912	3 + 1
510	0.14627670891273414	3 + 1
511	0.12658833021352436	3 + 1
512	0.13762242587518828	3 + 1
513	0.15571940434484002	3 + 1
514	0.17469243202741888	3 + 1
515	0.17506487015916805	3 + 1
516	0.20525806120693119	3 + 1
517	0.16505914338747874	3 + 1
518	0.16380475894033922	3 + 1
519	0.1544300677091108	3 + 1
520	0.14401896870129138	3 + 1
521	0.12376701067417427	3 + 1
522	0.13309412301552795	3 + 1
523	0.14337546601039813	3 + 1
524	0.17240456966818846	3 + 1
525	0.1452852901563431	3 + 1
526	0.1480357689559375	3 + 1
527	0.18028136980616602	3 + 1
528	0.15955071017076777	3 + 1
529	0.13684606127982302	3 + 1
530	0.11572505288127244	3 + 1
531	0.1008345756900007	3 + 1
532	0.09787215434228452	3 + 1
533	0.11047553492193382	3 + 1
534	0.09943688178627193	3 + 1
535	0.12109389493292469	3 + 1
536	0.12207765143533712	3 + 1
537	0.13614706734788012	3 + 1
538	0.13901410578498027	3 + 1
539	0.15591527470287617	3 + 1
540	0.14154955244905032	3 + 1
541	0.1271552645717975	3 + 1
542	0.1155387748117545	3 + 1
543	0.1173241558688943	3 + 1
544	0.10858323179992373	3 + 1
545	0.10563825843206293	3 + 1
546	0.09391058324213535	3 + 1
547	0.09858015796145486	3 + 1
548	0.08868657666792724	3 + 1
549	0.10603044797801875	3 + 1
550	0.1130212768728126	3 + 1
551	0.09131425329400464	3 + 1
552	0.08123432022496696	3 + 1
553	0.09561990982141064	3 + 1
554	0.09110956109068795	3 + 1
555	0.09428199262887207	3 + 1
556	0.0880943222195746	3 + 1
557	0.08072891436326059	3 + 1
558	0.09946586281118723	3 + 1
559	0.09262667700650981	3 + 1
560	0.07914406589973931	3 + 1
561	0.07781487279498346	3 + 1
562	0.08234860521960657	3 + 1
563	0.08825265470431475	3 + 1
564	0.09358123864544053	3 + 1
565	0.08512500208621501	3 + 1
566	0.08327949775253456	3 + 1
567	0.07535724801903392	3 + 1
568	0.0807882571908591	3 + 1
569	0.07767970350637943	3 + 1
570	0.07778081163685734	3 + 1
571	0.07663229295132042	3 + 1
572	0.07092228734248036	3 + 1
573	0.06750121930239342	3 + 1
574	0.06873050229786928	3 + 1
575	0.06667634650892906	3 + 1
576	0.06498915782202119	3 + 1
577	0.06945815883817175	3 + 1
578	0.07371618194667481	3 + 1
579	0.07579055039963989	3 + 1
580	0.07978435006409593	3 + 1
581	0.08352485664538833	3 + 1
582	0.08177179551504776	3 + 1
583	0.08978467917298169	3 + 1
584	0.0870413612325783	3 + 1
585	0.11697076586575293	3 + 1
586	0.10899475512673557	3 + 1
587	0.0942429064561598	3 + 1
588	0.10236893530477625	3 + 1
589	0.09919772690515548	3 + 1
590	0.0918982908114575	3 + 1
591	0.09151384565384049	3 + 1
592	0.08372742000749783	3 + 1
593	0.09022785317207078	3 + 1
594	0.08968869065464229	3 + 1
595	0.09159616033076541	3 + 1
596	0.08455514037593455	3 + 1
597	0.0852783565286151	3 + 1
598	0.07448271739619576	3 + 1
599	0.07138631522870537	3 + 1
600	0.07224723655289177	3 + 1
601	0.08615455923869206	3 + 1
602	0.08248116922774214	3 + 1
603	0.07588346187671241	3 + 1
604	0.07244918019389875	3 + 1
605	0.0629238156191896	3 + 1
606	0.06360088909339282	3 + 1
607	0.06817483220560193	3 + 1
608	0.06805286183381007	3 + 1
609	0.06796874600712549	3 + 1
610	0.07294582570150997	3 + 1
611	0.0690693533526023	3 + 1
612	0.0725249894670593	3 + 1
613	0.07250733142139178	3 + 1
614	0.07109232709804345	3 + 1
615	0.07102119925059411	3 + 1
616	0.07601588751989945	3 + 1
617	0.07935396370764289	3 + 1
618	0.08713557144175217	3 + 1
619	0.08848277293353227	3 + 1
620	0.09409359316891633	3 + 1
621	0.10419785804601044	3 + 1
622	0.09541647725854878	3 + 1
623	0.08870163677600222	3 + 1
624	0.07795208635596042	3 + 1
625	0.07158411258965608	3 + 1
626	0.06841215607917782	3 + 1
627	0.066643201453897	3 + 1
628	0.07336861630045624	3 + 1
629	0.06433403077265593	3 + 1
630	0.06443471673909268	3 + 1
631	0.06667079512870548	3 + 1
632	0.06266617632613927	3 + 1
633	0.06188338623676788	3 + 1
634	0.07091593638702956	3 + 1
635	0.07242480990717122	3 + 1
636	0.06909089995046026	3 + 1
637	0.08033582776892179	3 + 1
638	0.07580349441477757	3 + 1
639	0.07698689511131515	3 + 1
640	0.08599413930241495	3 + 1
641	0.08886237642228415	3 + 1
642	0.11819791649166021	3 + 1
643	0.1144411637994579	3 + 1
644	0.1263067795444778	3 + 1
645	0.14328879476511822	3 + 1
646	0.13498234724326544	3 + 1
647	0.11195081003162204	3 + 1
648	0.1397668997060841	3 + 1
649	0.11277143970583885	3 + 1
650	0.14253898832542317	3 + 1
651	0.11972034909790302	3 + 1
652	0.13232604822757882	3 + 1
653	0.11033108658975832	3 + 1
654	0.0995263168705876	3 + 1
655	0.08913010417097275	3 + 1
656	0.08748358923338274	3 + 1
657	0.08850167301891788	3 + 1
658	0.09311521837967487	3 + 1
659	0.1070006912151082	3 + 1
660	0.10872000727636838	3 + 1
661	0.10786612544425868	3 + 1
662	0.1121756718443712	3 + 1
663	0.13993009362135456	3 + 1
664	0.13399561637876228	3 + 1
665	0.12594623314061826	3 + 1
666	0.11069715070863065	3 + 1
667	0.11322850090598953	3 + 1
668	0.10655001281834067	3 + 1
669	0.11782509112919176	3 + 1
670	0.11041895901503115	3 + 1
671	0.12725440833636611	3 + 1
672	0.12036389048037388	3 + 1
673	0.05868386830556905	3 + 1
674	0.11844325422472014	3 + 1
675	0.11490970911925712	3 + 1
676	0.10214363437928178	3 + 1
677	0.10734479195037328	3 + 1
678	0.10402535401208819	3 + 1
679	0.08821103803742664	3 + 1
680	0.10120418855470206	3 + 1
681	0.1514834135080666	3 + 1
682	0.183197999281946	3 + 1
683	0.25489159634694253	3 + 1
684	0.19220943555501407	3 + 1
685	0.13774319358438927	3 + 1
686	0.08186482573037403	3 + 1
687	0.08606708961511583	3 + 1
688	0.06066365783416873	3 + 1
689	0.07160282768352683	3 + 1
690	0.06930680505814213	3 + 1
691	0.0716719110342465	3 + 1
692	0.06725289629233525	3 + 1
693	0.06270135824033612	3 + 1
694	0.05859998021073306	3 + 1
695	0.057687707492387	3 + 1
696	0.05488287955056004	3 + 1
697	0.05755628325755971	3 + 1
698	0.059834873433901196	3 + 1
699	0.060152633844071504	3 + 1
700	0.05844735215346878	3 + 1
701	0.061332572192733054	3 + 1
702	0.0604129448868	3 + 1
703	0.05511938619234847	3 + 1
704	0.0641783641515224	3 + 1
705	0.05740266582158872	3 + 1
706	0.07012572233281195	3 + 1
707	0.06644958463820302	3 + 1
708	0.061987750040056556	3 + 1
709	0.07113629638464405	3 + 1
710	0.06546226830401022	3 + 1
711	0.0647306071384337	3 + 1
712	0.05951831524244016	3 + 1
713	0.05854730620261818	3 + 1
714	0.0645543852961822	3 + 1
715	0.05694179037673637	3 + 1
716	0.053325391348237716	3 + 1
717	0.053979500682361646	3 + 1
718	0.05678401324266939	3 + 1
719	0.06344237204034231	3 + 1
720	0.06002246196928939	3 + 1
721	0.06066827089702727	3 + 1
722	0.066528631363991	3 + 1
723	0.05515859445366574	3 + 1
724	0.054593719291429574	3 + 1
725	0.0571037011832013	3 + 1
726	0.059481615146087984	3 + 1
727	0.06028538303373994	3 + 1
728	0.057148981732529074	3 + 1
729	0.05805407152369559	3 + 1
730	0.055062266446628184	3 + 1
731	0.05524699628511845	3 + 1
732	0.05695940231266825	3 + 1
733	0.06285259855009422	3 + 1
734	0.061443202440433296	3 + 1
735	0.06326578597970786	3 + 1
736	0.05750082729083833	3 + 1
737	0.05827440544685722	3 + 1
738	0.05982325941870856	3 + 1
739	0.05840861345640591	3 + 1
740	0.05071970894610871	3 + 1
741	0.05172359998630556	3 + 1
742	0.048959667510795	3 + 1
743	0.04465923053274517	3 + 1
744	0.04348294924204697	3 + 1
745	0.04567287859036621	3 + 1
746	0.046025608759521656	3 + 1
747	0.056297196956111115	3 + 1
748	0.04823115391289952	3 + 1
749	0.046852804004931956	3 + 1
750	0.04496325165685888	3 + 1
751	0.048707553393377526	3 + 1
752	0.04485271170216498	3 + 1
753	0.04385782478048326	3 + 1
754	0.04269581311715375	3 + 1
755	0.042900038131243545	3 + 1
756	0.04234081188109426	3 + 1
757	0.040921707645944085	3 + 1
758	0.0431068293700719	3 + 1
759	0.04263572214471092	3 + 1
760	0.04455478602423438	3 + 1
761	0.047928133274515394	3 + 1
762	0.050204036124030064	3 + 1
763	0.04793202900302566	3 + 1
764	0.052243492539355646	3 + 1
765	0.0500736055786193	3 + 1
766	0.05224279923185159	3 + 1
767	0.046579932147661665	3 + 1
768	0.05017787325024591	3 + 1
769	0.05583041323430983	3 + 1
770	0.05676722426260261	3 + 1
771	0.053999647658142386	3 + 1
772	0.047550053320294265	3 + 1
773	0.047818600052370444	3 + 1
774	0.052080841251780974	3 + 1
775	0.05767717966953538	3 + 1
776	0.05312805344437046	3 + 1
777	0.05342465435822912	3 + 1
778	0.04730284264895553	3 + 1
779	0.04861093756471208	3 + 1
780	0.04640482332742184	3 + 1
781	0.043023978547243186	3 + 1
782	0.04376985892315128	3 + 1
783	0.042593840279913205	3 + 1
784	0.04029361975662002	3 + 1
785	0.038907560664453764	3 + 1
786	0.0392220277587795	3 + 1
787	0.03926005865316596	3 + 1
788	0.04025338958026414	3 + 1
789	0.04251591634667894	3 + 1
790	0.038177166079708905	4
791	0.042619266431947335	4
792	0.04155556027214131	4
793	0.03840378297915055	4
794	0.039254343444971286	4
795	0.041245035743732485	4
796	0.04454938817679056	4
797	0.04863814867005488	4
798	0.04431637110380516	4
799	0.046252285638066416	4
800	0.047152818539715445	4
801	0.046369250327628224	4
802	0.04522430205259049	4
803	0.0447297977002467	4
804	0.045045335150346706	4
805	0.046560084004554206	4
806	0.04503693607578462	4
807	0.04464984151241682	4
808	0.043224817793962686	4
809	0.04156614838062726	4
810	0.04478140402453333	4
811	0.04963793558053031	4
812	0.04988940867428001	4
813	0.06335806802204699	4
814	0.06250646505757375	4
815	0.0479273961284611	4
816	0.04954070394032906	4
817	0.04853781126683261	4
818	0.04768048403311018	4
819	0.05134267024461712	4
820	0.05089798431777988	4
821	0.04959841543728697	4
822	0.0481706802404504	4
823	0.043115247418463704	4
824	0.043873792492409795	4
825	0.0444652123771462	4
826	0.048540636755708404	4
827	0.046551242308155785	4
828	0.04802068201855777	4
829	0.04819033156537971	4
830	0.04795239805570793	4
831	0.04864324751814584	4
832	0.04985308901218896	4
833	0.049698078389051555	4
834	0.051045336800518676	4
835	0.054246689699061316	4
836	0.05405784107870727	4
837	0.054014175532334424	4
838	0.04768784289802196	4
839	0.04924847182340029	4
840	0.045247774174508294	4
841	0.04831361242551468	4
842	0.04841504007734373	4
843	0.04595224195213367	4
844	0.046297687412565375	4
845	0.043648808062050806	4
846	0.041411563291581875	4
847	0.04527109832307704	4
848	0.04263715080034719	4
849	0.044377227775920104	4
850	0.04615517035366006	4
851	0.043131041914390524	4
852	0.040645914285974215	4
853	0.04161091552847732	4
854	0.04153804857194892	4
855	0.04414832140158009	4
856	0.04207056813903559	4
857	0.046647819055015666	4
858	0.05253857610738808	4
859	0.04942328219476882	4
860	0.04833426675465158	4
861	0.04824473642838402	4
862	0.05186817766867231	4
863	0.05407011380167906	4
864	0.052064138611602306	4
865	0.05092657230265018	4
866	0.05139451424045634	4
867	0.049620139271680214	4
868	0.05054602291103746	4
869	0.050843615358545924	4
870	0.05403075379632491	4
871	0.05479291087746831	4
872	0.05330579150870601	4
873	0.057194846511963	4
874	0.0560628814138434	4
875	0.05839054179158661	4
876	0.06071497475275951	4
877	0.067318214647801	4
878	0.0630802746745416	4
879	0.07169180155732385	4
880	0.06976736511847642	4
881	0.06960360098378614	4
882	0.06929793990068114	4
883	0.07671086048940462	4
884	0.07327856642890239	4
885	0.07151547986083973	4
886	0.07413850609470034	4
887	0.08686700384688889	4
888	0.09058257429039195	4
889	0.09739851179940115	4
890	0.09019472201874065	4
891	0.08366983971753285	4
892	0.08005631042035619	4
893	0.07812909501405088	4
894	0.07789949802867105	4
895	0.0758315055143494	4
896	0.07396244091740531	4
897	0.07151802525819861	4
898	0.0798195525817387	4
899	0.07526610292405551	4
900	0.07701671092671229	4
901	0.06870402531556963	4
902	0.06960025033042486	4
903	0.0688002895062182	4
904	0.06691208206348026	4
905	0.06489093304741773	4
906	0.06716784490566151	4
907	0.0618339591589515	4
908	0.06232570491476726	4
909	0.06538756644969275	4
910	0.061627593471295615	4
911	0.06491569129122865	4
912	0.06654199244434347	4
913	0.0612431510882981	4
914	0.060802109123330755	4
915	0.0621719608874432	4
916	0.06306859503049038	4
917	0.060119585033077697	4
918	0.05978373338753563	4
919	0.060083488800151644	4
920	0.05521715771895619	4
921	0.061679400960307953	4
922	0.06258817892444096	4
923	0.06349503081634665	4
924	0.06278002768728015	4
925	0.061902094755312796	4
926	0.06483128386345638	4
927	0.06857123882643278	4
928	0.069065770078798	4
929	0.06538522939357941	4
930	0.07054613980480409	4
931	0.07117329559490777	4
932	0.06640423526490609	4
933	0.07329247339652095	4
934	0.072444225282559	4
935	0.07998596085781767	4
936	0.07141739000660238	4
937	0.07479088602026084	4
938	0.07426707405324309	4
939	0.06852394116002401	4
940	0.07848080261558146	4
941	0.07373379717419835	4
942	0.06447144451790064	4
943	0.06840228285169146	4
944	0.06885128583940904	4
945	0.06911230017060645	4
946	0.06484544919473385	4
947	0.06343731688524934	4
948	0.06446032181018173	4
949	0.06383485724518592	4
950	0.056549078251095376	4
951	0.056365358690750565	4
952	0.05742008104043057	4
953	0.057437642118236806	4
954	0.05478262746609043	4
955	0.0632058197735121	4
956	0.06321180056670697	4
957	0.06717877861927105	4
958	0.06732216324947557	4
959	0.06866800834305442	4
960	0.07271616815459088	4
961	0.07361952753243359	4
962	0.07632612250051352	4
963	0.06315449098603221	4
964	0.06323490575876643	4
965	0.06183044008743166	4
966	0.06223691211005565	4
967	0.06660614256379022	4
968	0.06944117546159369	4
969	0.0740913129492553	4
970	0.06931850773668613	4
971	0.06682134165597413	4
972	0.0730097118997766	4
973	0.07648703386432315	4
974	0.07040554947982804	4
975	0.08618458638792334	4
976	0.07901032924591204	4
977	0.07282770467692087	4
978	0.07744447183127016	4
979	0.07917800952128873	4
980	0.08869646608383867	4
981	0.09713292680133692	4
982	0.08400076529273433	4
983	0.11359721645474279	4
984	0.10340251999061488	4
985	0.09118550751815573	4
986	0.09356033262367654	4
987	0.09004800564192417	4
988	0.08441729752597373	4
989	0.07786551335301596	4
990	0.08095606342663939	4
991	0.07663145412989093	4
992	0.07776941729495299	4
993	0.08167503886676047	4
994	0.08394356925215238	4
995	0.08958670199776303	4
996	0.08935729313783007	4
997	0.1021416670253143	4
998	0.0935508634368091	4
999	0.10354178598104018	4
1000	0.0971751159733418	4
1001	0.09358329590609685	4
1002	0.10244506633275115	4
1003	0.10251567520080154	4
1004	0.10364655331640762	4
1005	0.10085554269840855	4
1006	0.09401606981751118	4
1007	0.10118218828521779	4
1008	0.11971750401402813	4
1009	0.139948726762822	4
1010	0.12616339046526492	4
1011	0.12894362294617398	4
1012	0.12100602255083442	4
1013	0.10505017255307667	4
1014	0.11629989456329613	4
1015	0.1138656409262367	4
1016	0.11383913104929971	4
1017	0.09178762906091269	4
1018	0.08543196542329948	4
1019	0.07196903232417419	4
1020	0.0764177822876923	4
1021	0.07616324678507602	4
1022	0.07744550609513282	4
1023	0.078211284480566	4
1024	0.07823608957431102	4
1025	0.09743707729554556	4
1026	0.09432320407387136	4
1027	0.08393777899387415	4
1028	0.08308857503403855	4
1029	0.07293102078310584	4
1030	0.07760811828508793	4
1031	0.07140131979787201	4
1032	0.06529227948458424	4
1033	0.06246524930449136	4
1034	0.059553836427531585	4
1035	0.06964889579449875	4
1036	0.059494731697770135	4
1037	0.05962814810942231	4
1038	0.059751569793402966	4
1039	0.06343177888346448	4
1040	0.06344241914676774	4
1041	0.06950979799982869	4
1042	0.05845807873815697	4
1043	0.05930772166638292	4
1044	0.05999976092963681	4
1045	0.06097733835729903	4
1046	0.06347001971046333	4
1047	0.06455041818372137	4
1048	0.061721766973390435	4
1049	0.06787462851435162	4
1050	0.06697076445399794	4
1051	0.06356379268850867	4
1052	0.06779597827093461	4
1053	0.06298437843634898	4
1054	0.06695164191229423	4
1055	0.06321998609104254	4
1056	0.06212012730902733	4
1057	0.06360647976980452	4
1058	0.06617107556762408	4
1059	0.06949363289297816	4
1060	0.07551790718890362	4
1061	0.07070703892372458	4
1062	0.07088616029945126	4
1063	0.06795848356137651	4
1064	0.07154405322486006	4
1065	0.08011528800522374	4
1066	0.08082840277545944	4
1067	0.08535736974019656	4
1068	0.08299603023703717	4
1069	0.07585860909547576	4
1070	0.08276175117396507	4
1071	0.08660172779442815	4
1072	0.08093147418135758	4
1073	0.08278124864968169	4
1074	0.08153731346240013	4
1075	0.08342048530873222	4
1076	0.09099732636735998	4
1077	0.10500283659480227	4
1078	0.09116531314829815	4
1079	0.09512965925903068	4
1080	0.0859451307585742	4
1081	0.08141347125859773	4
1082	0.09211269803007441	4
1083	0.09232138388138425	4
1084	0.09218924135317946	4
1085	0.0894369935542686	4
1086	0.0829925999031365	4
1087	0.06971727174836144	4
1088	0.07154292436269105	4
1089	0.07501114710102982	4
1090	0.07881504883685345	4
1091	0.07843155517914817	4
1092	0.06894501875540555	4
1093	0.07858331969391087	4
1094	0.07469992395309796	4
1095	0.0830312727637941	4
1096	0.08090523090265545	4
1097	0.07256334789485758	4
1098	0.07137334995310142	4
1099	0.07375867093865504	4
1100	0.06960153373080151	4
1101	0.07524401138677725	4
1102	0.09200467321500821	4
1103	0.08563919741012685	4
1104	0.08995137235083162	4
1105	0.08071578530748999	4
1106	0.07692261609244362	4
1107	0.07706859844611409	4
1108	0.0822402553249554	4
1109	0.08298237565776345	4
1110	0.07961756378643586	4
1111	0.07931820944233954	4
1112	0.07887341013658249	4
1113	0.07194822115933094	4
1114	0.08050622389668756	4
1115	0.08322376797243462	4
1116	0.08473311431076377	4
1117	0.08607657597116394	4
1118	0.08848423067580628	4
1119	0.08635539328085227	4
1120	0.07980157191591114	4
1121	0.07377397726081904	4
1122	0.07310944850980863	4
1123	0.0715665279448096	4
1124	0.07036627421307326	4
1125	0.08297014787023416	4
1126	0.08261546748593726	4
1127	0.08987728962885073	4
1128	0.072846511191331	4
1129	0.07629491432714149	4
1130	0.08084389525418223	4
1131	0.0812212743792133	4
1132	0.08228886498199366	4
1133	0.08600938955757631	4
1134	0.08220328474644022	4
1135	0.0781519512323789	4
1136	0.07773966040668963	4
1137	0.06610973978155038	4
1138	0.06863762224095073	4
1139	0.07007387993223922	4
1140	0.07068899355685393	4
1141	0.07328313369516677	4
1142	0.07367587000608447	4
1143	0.08072697970262323	4
1144	0.07951096870888259	4
1145	0.09808839672396848	4
1146	0.09536857429739287	4
1147	0.0885029276058859	4
1148	0.09766506137228531	4
1149	0.1015849022130442	4
1150	0.10972916720762488	4
1151	0.10499667673637915	4
1152	0.10196275463642593	4
1153	0.08492339860801756	4
1154	0.09783296100855446	4
1155	0.10912667728067597	4
1156	0.11210415463191552	4
1157	0.11181806206716545	4
1158	0.10207592530302713	4
1159	0.10356299127986447	4
1160	0.11313053049653297	4
1161	0.14976984734411333	4
1162	0.11187094879419468	4
1163	0.11661650064185515	4
1164	0.13491664100999637	4
1165	0.13105806249787408	4
1166	0.1510006569461311	4
1167	0.15415768269450897	4
1168	0.16466777173844419	4
1169	0.13098619129815092	4
1170	0.14352253901588505	4
1171	0.1450999950248433	4
1172	0.12266262839616465	4
1173	0.12192254892628773	4
1174	0.10973078382033524	4
1175	0.10786526339671222	4
1176	0.12196633772898649	4
1177	0.1110909299115456	4
1178	0.09964031717423529	4
1179	0.10583691912825414	4
1180	0.10160618958176224	4
1181	0.09421888888940505	4
1182	0.08956437503035733	4
1183	0.10659691209193853	4
1184	0.09650943968188011	4
1185	0.10219518695717662	4
1186	0.09777141257193318	4
1187	0.08486331364935694	4
1188	0.08096677356719191	4
1189	0.08561344084200195	4
1190	0.08504060452157715	4
1191	0.07823964255615502	4
1192	0.08562574482424506	4
1193	0.09042771722413723	4
1194	0.07596472935337738	4
1195	0.07168901751650752	4
1196	0.06795017723454325	4
1197	0.0741925498400832	4
1198	0.0705861900583153	4
1199	0.0718892185366534	4
1200	0.07076126722126114	4
1201	0.070805814541405	4
1202	0.07269866092567608	4
1203	0.0658510850783113	4
1204	0.06573743800984554	4
1205	0.0747580420280213	4
1206	0.07048987603327315	4
1207	0.07140761998985709	4
1208	0.06380372557260713	4
1209	0.062272471625612995	4
1210	0.055252400137566916	4
1211	0.05873816779446151	4
1212	0.05502027597148289	4
1213	0.05071844169368906	4
1214	0.055238640046711245	4
1215	0.05583516653240694	4
1216	0.053681676890463256	4
1217	0.052660993661142845	4
1218	0.04886125272620815	4
1219	0.04783644048320781	4
1220	0.04881198109703372	4
1221	0.04760829703709629	4
1222	0.04552792524925997	4
1223	0.045521059772249586	4
1224	0.046884843282200106	4
1225	0.04621943905422865	4
1226	0.045414055478184306	4
1227	0.04558872063104995	4
1228	0.04451500224347652	4
1229	0.04720679862677411	4
1230	0.052463882569617204	4
1231	0.05028699039465715	4
1232	0.05002991180892351	4
1233	0.05101211546696803	4
1234	0.04539815332544986	4
1235	0.04632776845025992	4
1236	0.0464437855899228	4
1237	0.04590233051685893	4
1238	0.04652969472276836	4
1239	0.04493003205795333	4
1240	0.04792214768800807	4
1241	0.04360268188629888	4
1242	0.04273990439332368	4
1243	0.04250259428788195	4
1244	0.04171316356146665	4
1245	0.048638342894240544	4
1246	0.04334644470768084	4
1247	0.04450722166062288	4
1248	0.04070750251860703	4
1249	0.04543812201289548	4
1250	0.04111404290181558	4
1251	0.04415310171669109	4
1252	0.04434744670279101	4
1253	0.044613561564022734	4
1254	0.045460899594811796	4
1255	0.04494935096114532	4
1256	0.043360319437730964	4
1257	0.04510994949850157	4
1258	0.043726032468238	4
1259	0.04271364953858819	4
1260	0.04309128992837451	4
1261	0.044637791746238414	4
1262	0.04623928844219241	4
1263	0.044389190615565524	4
1264	0.04210018910843758	4
1265	0.04563407175420375	4
1266	0.04395272985523875	4
1267	0.045887178473868376	4
1268	0.04684233758939958	4
1269	0.04637216053204196	4
1270	0.04610681103565535	4
1271	0.04581754363510363	4
1272	0.04654185041297458	4
1273	0.048327148968296436	4
1274	0.04773408820595701	4
1275	0.04419944571503742	4
1276	0.044426181143160534	4
1277	0.047319216108195235	4
1278	0.0483854105171421	4
1279	0.04797277312002959	4
1280	0.043452440873746674	4
1281	0.04424487247613496	4
1282	0.04655828673701021	4
1283	0.044911105114227634	4
1284	0.04700621675214819	4
1285	0.04866400483050352	4
1286	0.04655235721368977	4
1287	0.04834043844266728	4
1288	0.048766254755217446	4
1289	0.04500644970385445	4
1290	0.04783920969040418	4
1291	0.05062200369708231	4
1292	0.050299754514209254	4
1293	0.047248782126076444	4
1294	0.045908874303895175	4
1295	0.04575339313518735	4
1296	0.04850332890562588	4
1297	0.05145716980461224	4
1298	0.054407303443574216	4
1299	0.055990142068628804	4
1300	0.054591622370098014	4
1301	0.05504681968855744	4
1302	0.05227091828925379	4
1303	0.052326694800321545	4
1304	0.058650767955767784	4
1305	0.05994410054311637	4
1306	0.0620703308080051	4
1307	0.07039578388167281	4
1308	0.06950740608527432	4
1309	0.07284844687220456	4
1310	0.07374519818827721	4
1311	0.07133979146291351	4
1312	0.06860564264887571	4
1313	0.07536777586044435	4
1314	0.06923351048668001	4
1315	0.0688755952205891	4
1316	0.0689423492854774	4
1317	0.06463464159160717	4
1318	0.06554899125101733	4
1319	0.06267764161891892	4
1320	0.05888811942005426	4
1321	0.05512798273616685	4
1322	0.059441740766079484	4
1323	0.06140761299441613	4
1324	0.059896872484701526	4
1325	0.05746320537498598	4
1326	0.059082786492594075	4
1327	0.05442880474017107	4
1328	0.05196211591338105	4
1329	0.053933665671597714	4
1330	0.05531477491790492	4
1331	0.0653604292003049	4
1332	0.06078971301377233	4
1333	0.05915287631128936	4
1334	0.05658769422111218	4
1335	0.056369959312248905	4
1336	0.05550726093245184	4
1337	0.052198205433353496	4
1338	0.0477948333503996	4
1339	0.04767697962940866	4
1340	0.05039485565442726	4
1341	0.048139760170790497	4
1342	0.04768366578012931	4
1343	0.04484312391249651	4
1344	0.041234260097742566	4
1345	0.03969140745596324	4
1346	0.03984235758412141	4
1347	0.039230017058772076	4
1348	0.04096428217816907	4
1349	0.04082196652601475	4
1350	0.04016644581583526	4
1351	0.04125808982701137	4
1352	0.03881175799990631	4
1353	0.036561321096346494	4
1354	0.03744638946691389	4
1355	0.037283188468927426	4
1356	0.03984469731618879	4
1357	0.04005156163148484	4
1358	0.04247158120993375	4
1359	0.04646747470183199	4
1360	0.04883613062549061	4
1361	0.04512632661338368	4
1362	0.043400070891426404	4
1363	0.04476082269207449	4
1364	0.042958115591921246	4
1365	0.042249067271109615	4
1366	0.04438276935079503	4
1367	0.043228266780440686	4
1368	0.041054468880382854	4
1369	0.04147119917148424	4
1370	0.0437448367612497	4
1371	0.041037059128793796	4
1372	0.04368905164701839	4
1373	0.04467955192607998	4
1374	0.04347301958297239	4
1375	0.04508814466661557	4
1376	0.04729196464117052	4
1377	0.04743438786528422	4
1378	0.04719992270097917	4
1379	0.04718446686605524	4
1380	0.046816646475565694	4
1381	0.04295992295694984	4
1382	0.044363254228759676	4
1383	0.043346832451202785	4
1384	0.04246311079901961	4
1385	0.04027959123611581	4
1386	0.03945426016708316	4
1387	0.03911983600877999	4
1388	0.0370509496589727	4
1389	0.03713049717288185	4
1390	0.03738814319377673	4
1391	0.03741716339968472	4
1392	0.03649283192177799	4
1393	0.03503694073014528	4
1394	0.03663893816189243	4
1395	0.03807882531093711	4
1396	0.03858711348105539	4
1397	0.03764539894144413	4
1398	0.03812843327562698	4
1399	0.03669599081981139	4
1400	0.03842445806068973	4
1401	0.03747042678420815	4
1402	0.03810812743895451	4
1403	0.038235633789574744	4
1404	0.03777875291788476	4
1405	0.039235095512033163	4
1406	0.04023494659260182	4
1407	0.03877038533884881	4
1408	0.03578451353322596	4
1409	0.03499967183043796	4
1410	0.036059837169270685	4
1411	0.03650801594845313	4
1412	0.03766139947187161	4
1413	0.03712682728981434	4
1414	0.03573502369295217	4
1415	0.03706823652232112	4
1416	0.035841859562860616	4
1417	0.0344728538914536	4
1418	0.03502299288615202	4
1419	0.035018555223443486	4
1420	0.03589947949109652	4
1421	0.03728073956978978	4
1422	0.038064787849407665	4
1423	0.03759484850053354	4
1424	0.03684172771246675	4
1425	0.03708762017924092	4
1426	0.03657781547627629	4
1427	0.03744670547352164	4
1428	0.037610898761646874	4
1429	0.03857312306141277	4
1430	0.04005225725038378	4
1431	0.040773096645098136	4
1432	0.04007383326222566	4
1433	0.039949375376311755	4
1434	0.0389018122873002	4
1435	0.039410170388968685	4
1436	0.04111535612531369	4
1437	0.041246641324628776	4
1438	0.043493522226937684	4
1439	0.044455830021417196	4
1440	0.04650730853899257	4
1441	0.04292125317248389	4
1442	0.03890373542483016	4
1443	0.03998542198447017	4
1444	0.0410711886862406	4
1445	0.04013814923704474	4
1446	0.039391218358871306	4
1447	0.035811193571901524	4
1448	0.03535946903549891	4
1449	0.035820374202269537	4
1450	0.037405902655297536	4
1451	0.03705850220460534	4
1452	0.038486096760506204	4
1453	0.037154842283550094	4
1454	0.038250256611086365	4
1455	0.03871480192582994	4
1456	0.03964028520069259	4
1457	0.03935257759207829	4
1458	0.03747627733320643	4
1459	0.0350087237515299	4
1460	0.03596594556778079	4
1461	0.034517361596045494	4
1462	0.03597254891653341	4
1463	0.03530152970395894	4
1464	0.03731578485976244	4
1465	0.03606555135100668	4
1466	0.0363573675858448	4
1467	0.03667502785724488	4
1468	0.035335880540182364	4
1469	0.036995394681561135	4
1470	0.040499616103791256	4
1471	0.04023091726348567	4
1472	0.03901585214239839	4
1473	0.03930282613668956	4
1474	0.04135313720023805	4
1475	0.04113027715499473	4
1476	0.03677864640660522	4
1477	0.03682486427438622	4
1478	0.039444089387039055	4
1479	0.03919079027932335	4
1480	0.040205398941793376	4
1481	0.04186459666834845	4
1482	0.04000516803518539	4
1483	0.04072124775347154	4
1484	0.038264424155979214	4
1485	0.03896006880334486	4
1486	0.03755089070412438	4
1487	0.03627205307496621	4
1488	0.03496335238298147	4
1489	0.033685720612617084	4
1490	0.03383555058761011	4
1491	0.03515652557148699	4
1492	0.034300227818902115	4
1493	0.03475111410505136	4
1494	0.03433900073845204	4
1495	0.03516060972641677	4
1496	0.035876863353463836	4
1497	0.03545719920860768	4
1498	0.03441898512492826	4
1499	0.03706790758596939	4
1500	0.03792812038597808	4
1501	0.03548807906159532	4
1502	0.03750881125568552	4
1503	0.03533478989856847	4
1504	0.034439042837786586	4
1505	0.035170138693237867	4
1506	0.0371444811766875	4
1507	0.03884693891361155	4
1508	0.03456430626299604	4
1509	0.037073960424419086	4
1510	0.036614635098357357	4
1511	0.03607107158665896	4
1512	0.03597141370760481	4
1513	0.03540710434151973	4
1514	0.03509918296563993	4
1515	0.03480755746946217	4
1516	0.03644905743069479	4
1517	0.035076331532737676	4
1518	0.03404762197739166	4
1519	0.03572069736526815	4
1520	0.03423543380243935	4
1521	0.033937194058376315	4
1522	0.03405141393751307	4
1523	0.033192679167433396	4
1524	0.03231604666126843	4
1525	0.035051044753987876	4
1526	0.03509177184614457	4
1527	0.03731804270968344	4
1528	0.03683297789155602	4
1529	0.036321167337321755	4
1530	0.03856968843791379	4
1531	0.040101567030522	4
1532	0.04224932376985302	4
1533	0.039209691173167	4
1534	0.03783608798893069	4
1535	0.03695931433889189	4
1536	0.037490707305068705	4
1537	0.037270359669743215	4
1538	0.03688978426991451	4
1539	0.037411239375167216	4
1540	0.03851938030843488	4
1541	0.03930758670389924	4
1542	0.03801106930272238	4
1543	0.03759637105718731	4
1544	0.03787716849245454	4
1545	0.03835630930098767	4
1546	0.04065416472611975	4
1547	0.04346887315490224	4
1548	0.04101878981028341	4
1549	0.04104952672094365	4
1550	0.039078900563362315	4
1551	0.0392216422394719	4
1552	0.04517120031006008	4
1553	0.04347756252742728	4
1554	0.04259863867510903	4
1555	0.04272779792262824	4
1556	0.04446789572238915	4
1557	0.04951749051013976	4
1558	0.04737429677199884	4
1559	0.043558313688265286	4
1560	0.04322083870775221	4
1561	0.04050948715465245	4
1562	0.046335046321887244	4
1563	0.04563883799121239	4
1564	0.04496541463404777	4
1565	0.042324774693763015	4
1566	0.0420064046796985	4
1567	0.03954599213813115	4
1568	0.03802076523534007	4
1569	0.04062745861549548	4
1570	0.042025823405456374	4
1571	0.0444193768379322	4
1572	0.04016780743650285	4
1573	0.040749760237794586	4
1574	0.04219051403985755	4
1575	0.04089816627910554	4
1576	0.04119289115435387	4
1577	0.03884950190274927	4
1578	0.037419805435143484	4
1579	0.040725563061316486	4
1580	0.03905325615816225	4
1581	0.03993075459391212	4
1582	0.0422347381688854	4
1583	0.0401030690191603	4
1584	0.04093124840288128	4
1585	0.0435713050360712	4
1586	0.04520289384853174	4
1587	0.046952655663340045	4
1588	0.04440352004796885	4
1589	0.04624551332481641	4
1590	0.04898882875781773	4
1591	0.048330244181719065	4
1592	0.04795574420591793	4
1593	0.0456119869792626	4
1594	0.04594190680511875	4
1595	0.048915138739474354	4
1596	0.04703925256907673	4
1597	0.04790468707178145	4
1598	0.04730917164271065	4
1599	0.05036950912295266	4
1600	0.04860016184140264	4
1601	0.05039818631824946	4
1602	0.04916989512021952	4
1603	0.05118897337192403	4
1604	0.05185163765728699	4
1605	0.053922921547427234	4
1606	0.05331335660255089	4
1607	0.059324637966998446	4
1608	0.05392814276580493	4
1609	0.05586744164337629	4
1610	0.05725437095712734	4
1611	0.0615887886009322	4
1612	0.06504608998221684	4
1613	0.06196527666861891	4
1614	0.061605914602997434	4
1615	0.063404721663269	4
1616	0.06627651801748001	4
1617	0.06816322204643788	4
1618	0.06878471649928877	4
1619	0.07490683264217222	4
1620	0.07313403196503651	4
1621	0.0807740038962993	4
1622	0.0766897668426291	4
1623	0.07501061225008981	4
1624	0.08267313590265184	4
1625	0.08447409827498657	4
1626	0.080891217700646	4
1627	0.0732072209849191	4
1628	0.07167268433639533	4
1629	0.06359249497402922	4
1630	0.05866266528849993	4
1631	0.06036237995194771	4
1632	0.057426071110343035	4
1633	0.05732574609181514	4
1634	0.059488989761596604	4
1635	0.06233245359762699	4
1636	0.06520000395565663	4
1637	0.07251622484934657	4
1638	0.06677692829177101	4
1639	0.07030900294609593	4
1640	0.0749361963114477	4
1641	0.06914846107826267	4
1642	0.06950517311518756	4
1643	0.06980388301610511	4
1644	0.0706742138418548	4
1645	0.0701687722910293	4
1646	0.06794160154483743	4
1647	0.06442093868451867	4
1648	0.059397756908116786	4
1649	0.05857071169356057	4
1650	0.060553096108617865	4
1651	0.06312177331549829	4
1652	0.06546408097167739	4
1653	0.06258201264990025	4
1654	0.06994030722172409	4
1655	0.07083311387874966	4
1656	0.07565662801715947	4
1657	0.07319313012047994	4
1658	0.09268025790664343	4
1659	0.08223206026321551	4
1660	0.08430822385991824	4
1661	0.08016162358703618	4
1662	0.07529206463622877	4
1663	0.07820909611105765	4
1664	0.08465593156740583	4
1665	0.0888894069842554	4
1666	0.08378509288778443	4
1667	0.07007289787945647	4
1668	0.07331856435280608	4
1669	0.08132379528469628	4
1670	0.08052884370965457	4
1671	0.08973745977333035	4
1672	0.10353606605807007	4
1673	0.11710535414438863	4
1674	0.12002174638197899	4
1675	0.14335343254120872	4
1676	0.12333827619351126	4
1677	0.12113341884442502	4
1678	0.10915196845882726	4
1679	0.08716284501922472	4
1680	0.07593692868530527	4
1681	0.07537274527805705	4
1682	0.07340556130657121	4
1683	0.079241525581974	4
1684	0.07522814743709481	4
1685	0.07543324789718772	4
1686	0.0628126453549956	4
1687	0.06526569982762119	4
1688	0.06210424134689601	4
1689	0.06164429645659191	4
1690	0.06816627655459923	4
1691	0.05930124506824025	4
1692	0.05695210702766783	4
1693	0.0617691430316275	4
1694	0.06187551875132306	4
1695	0.06627629609812957	4
1696	0.05522130271550874	4
1697	0.05699375346493636	4
1698	0.05250682532867443	4
1699	0.04903162078966293	4
1700	0.051105273330320194	4
1701	0.04810863155350764	4
1702	0.05106302669383849	4
1703	0.05041217658454319	4
1704	0.05093910583181432	4
1705	0.05915030496884137	4
1706	0.06347065339703511	4
1707	0.05532542720287452	4
1708	0.05273444990979548	4
1709	0.05623386072992365	4
1710	0.05491851236684621	4
1711	0.057734930976611074	4
1712	0.05975894287783956	4
1713	0.06097838057186344	4
1714	0.06535364064419528	4
1715	0.06427015938398002	4
1716	0.07519143117813477	4
1717	0.0749513185872613	4
1718	0.07463855161751462	4
1719	0.08092227478944855	4
1720	0.07157389657272752	4
1721	0.06706610298830114	4
1722	0.06930500577838765	4
1723	0.08124073271855045	4
1724	0.08554700976853728	4
1725	0.09770808086833822	4
1726	0.0841652559705834	4
1727	0.0828196377835157	4
1728	0.07593717259308044	4
1729	0.0761847620699937	4
1730	0.07715928470855334	4
1731	0.09705765478199221	4
1732	0.07807899018823357	4
1733	0.08404684766668316	4
1734	0.0858707957966708	4
1735	0.09265171852871923	4
1736	0.09298010072720388	4
1737	0.0999886072040024	4
1738	0.09787415076769276	4
1739	0.08609496225701713	4
1740	0.09730980389206306	4
1741	0.10652604457616127	4
1742	0.10794353081362038	4
1743	0.117877513524245	4
1744	0.18768644135196255	4
1745	0.16226037897917472	4
1746	0.1358061911946811	4
1747	0.1212068264792124	4
1748	0.11009263710376593	4
1749	0.10275958950093014	4
1750	0.09336128285851285	4
1751	0.10211046391029911	4
1752	0.1276545724864112	4
1753	0.12863913252666026	4
1754	0.12673652662189927	4
1755	0.13900249068448492	4
1756	0.1408082249732727	4
1757	0.15872657828594944	4
1758	0.12880471644836963	4
1759	0.09840811052430463	4
1760	0.10782030861744941	4
1761	0.08784950924842504	4
1762	0.09129063972750995	4
1763	0.09666992923736617	4
1764	0.09295770820414802	4
1765	0.09166064951426296	4
1766	0.0870199533065543	4
1767	0.09972238153975822	4
1768	0.10420217921517111	4
1769	0.11319620089453289	4
1770	0.09698524643772931	4
1771	0.10536903813302283	4
1772	0.12149149547725972	4
1773	0.12068988218211009	4
1774	0.1084361513293865	4
1775	0.11753851439662677	4
1776	0.13233949975412002	4
1777	0.1615959584513648	4
1778	0.1523124181220017	4
1779	0.17965360062040736	4
1780	0.17022684815194095	4
1781	0.17489684830367275	4
1782	0.21547041552037777	4
1783	0.16594315506261087	4
1784	0.1388719198339331	4
1785	0.15161975307366304	4
1786	0.1514484417486767	4
1787	0.1502787122616824	4
1788	0.12570995784813616	4
1789	0.09243185327328773	4
1790	0.08085358113834147	4
1791	0.07636243305623673	4
1792	0.07472336102931407	4
1793	0.0788947137674621	4
1794	0.0713220283355416	4
1795	0.07155952756291856	4
1796	0.07222253779418675	4
1797	0.08066631152311617	4
1798	0.07793362168100605	4
1799	0.0774615173780541	4
1800	0.08026233854727786	4
1801	0.08307607861182832	4
1802	0.09842857025546678	4
1803	0.09697240234402077	4
1804	0.08735086259980719	4
1805	0.08789116815763459	4
1806	0.10662116524173419	4
1807	0.1061430166936	4
1808	0.11006726906166012	4
1809	0.1107745872108654	4
1810	0.12577130274951503	4
1811	0.11838774607100223	4
1812	0.10673766117058349	4
1813	0.1386000454203635	4
1814	0.12831558642126548	4
1815	0.12324652843565834	4
1816	0.15904672443009904	4
1817	0.16646243160080557	4
1818	0.13330780388922167	4
1819	0.12855946287443681	4
1820	0.10760628955046439	4
1821	0.10375948695472265	4
1822	0.08210563083142688	4
1823	0.0700940315724304	4
1824	0.06610529838224796	4
1825	0.06392029096689288	4
1826	0.06579210708746765	4
1827	0.06477450665855733	4
1828	0.07102964099940323	4
1829	0.060346148739152665	4
1830	0.05862849999053823	4
1831	0.06463399212845936	4
1832	0.06463353146623552	4
1833	0.06257204444905823	4
1834	0.06057879367407318	4
1835	0.06045355396035312	4
1836	0.061508331102142585	4
1837	0.0562210560556968	4
1838	0.05736350341568179	4
1839	0.051373779819248344	4
1840	0.05222187604297588	4
1841	0.05010415806472794	4
1842	0.04947184899085181	4
1843	0.0547941624017211	4
1844	0.05450862083868327	4
1845	0.05397599404029203	4
1846	0.051321167886043274	4
1847	0.0486241937341271	4
1848	0.04849316878229284	4
1849	0.04466754209310175	4
1850	0.04467565906142722	4
1851	0.045223457794553404	4
1852	0.04329266904058463	4
1853	0.04001477763033153	4
1854	0.03992883682229382	4
1855	0.03966560112628422	4
1856	0.039056443335871056	4
1857	0.0378314324576285	4
1858	0.03750875386222689	4
1859	0.038077363564000266	4
1860	0.03829219540088927	4
1861	0.0370444765081732	4
1862	0.03779827860914816	4
1863	0.03621840720378426	4
1864	0.03832573021123077	4
1865	0.03783973852712789	4
1866	0.03763403488452276	4
1867	0.03789638814543312	4
1868	0.03512435191022785	4
1869	0.03556686478667292	4
1870	0.03583293475935235	4
1871	0.035940864001504653	4
1872	0.03587971454584532	4
1873	0.035913742472837316	4
1874	0.034479838682137755	4
1875	0.03773833122697891	4
1876	0.0361631267574962	4
1877	0.037480174259609485	4
1878	0.03903021548786854	4
1879	0.037227110205289765	4
1880	0.039511028143669503	4
1881	0.03864230379009404	4
1882	0.03973453518271316	4
1883	0.0399689830905786	4
1884	0.040783456297889445	4
1885	0.03747304389673445	4
1886	0.03946245408730945	4
1887	0.04031797188521193	4
1888	0.04217389226328529	4
1889	0.04396642005279648	4
1890	0.04793485321616469	4
1891	0.04813291277546025	4
1892	0.0471075209329515	4
1893	0.04586962117316878	4
1894	0.045341659777650326	4
1895	0.0433847917691447	4
1896	0.04230717481952642	4
1897	0.04611877968642887	4
1898	0.044810621335153684	4
1899	0.045622443186102514	4
1900	0.04629031222192199	4
1901	0.046592028307236265	4
1902	0.04408681759680657	4
1903	0.04423467825590712	4
1904	0.04308047077576159	4
1905	0.04384248910038485	4
1906	0.04262672942544381	4
1907	0.04242485180804785	4
1908	0.04641301087783566	4
1909	0.04483762068192201	4
1910	0.04173431165145583	4
1911	0.044285038871928584	4
1912	0.04033879751352556	4
1913	0.043115979254586136	4
1914	0.04422342530377074	4
1915	0.04541708000321999	4
1916	0.04613822703968969	4
1917	0.04534681660474759	4
1918	0.044754986339504935	4
1919	0.04641731210111573	4
1920	0.047568291836971414	4
1921	0.045179132056756284	4
1922	0.04497303882087654	4
1923	0.044000923614380856	4
1924	0.04365555716544593	4
1925	0.04563211494278511	4
1926	0.0415505450231112	4
1927	0.04036493213147586	4
1928	0.04089786648918162	4
1929	0.03693894792704413	4
1930	0.03594704708469679	4
1931	0.03316644316836459	4
1932	0.03452270756815724	4
1933	0.03532093204239178	4
1934	0.03467148087116724	4
1935	0.03712119215291286	4
1936	0.038995623413593396	4
1937	0.04024686452183152	4
1938	0.04079001376321863	4
1939	0.04477744782606058	4
1940	0.04320231168108749	4
1941	0.04466106969618338	4
1942	0.04777556773868342	4
1943	0.04509593894921419	4
1944	0.04317896734811714	4
1945	0.04379632113805014	4
1946	0.038745488271783764	4
1947	0.045579042032454456	4
1948	0.042958063354230455	4
1949	0.038288234074979326	4
1950	0.038906126172749675	4
1951	0.03544804416787847	4
1952	0.03961083339058978	4
1953	0.039351725510660324	4
1954	0.03931862792443416	4
1955	0.03762225573622289	4
1956	0.03959037203396214	4
1957	0.03812644140282614	4
1958	0.03800953938497167	4
1959	0.03609266924783984	4
1960	0.033175962379494155	4
1961	0.034843831345415154	4
1962	0.03252855523629843	4
1963	0.03562837331252623	4
1964	0.034725444541707444	4
1965	0.0375249826055772	4
1966	0.03709983208984051	4
1967	0.03772498685173218	4
1968	0.0336046514194252	4
1969	0.032966061892981326	4
1970	0.032924382624812995	4
1971	0.03317180635106689	4
1972	0.03362863466469121	4
1973	0.033767334538471985	4
1974	0.032683972504033806	4
1975	0.035391980572088845	4
1976	0.033581111992008014	4
1977	0.03478103886540415	4
1978	0.0358141504990634	4
1979	0.03228888263488879	4
1980	0.03137236874191979	4
1981	0.03191194710322501	4
1982	0.033362176708373575	4
1983	0.03319204663727544	4
1984	0.03395680623954782	4
1985	0.03299048793245468	4
1986	0.03161858562322621	4
1987	0.03219183663153832	4
1988	0.03295771603018455	4
1989	0.03295105868800612	4
1990	0.03382106210168675	4
1991	0.03325280468103179	4
1992	0.033064434861283264	4
1993	0.03132293929486637	4
1994	0.03165841567243088	4
1995	0.03273192404333094	4
1996	0.0337615097598774	4
1997	0.033003834532653264	4
1998	0.03105487417915447	4
1999	0.03224033489718812	4
2000	0.03278174282101984	4
